0.333627
0.463215
0.117763
0.034216
0.000000
0.000000
0.000000
0.000000
0.000000
0.095162
0.000000
0.000000
0.085086
0.323061
0.036875
0.000000
0.000000
0.000000
0.000000
0.000000
0.000000
0.002379
0.000420
0.009446
0.031627
0.082847
0.013225
0.696502
0.033866
0.008257
0.009096
0.013225
0.063745
0.064934
0.147781
0.110556
0.108371
0.000000
0.000000
0.096897
0.367905
0.041994
0.000000
0.000000
0.000000
0.077374
0.013387
0.009961
0.019284
0.035699
0.036257
0.038249
0.053947
0.043667
0.793184
0.038567
0.009403
0.010359
0.015060
0.072593
0.073948
0.168295
0.125902
0.237780
0.008925
0.044225
0.130205
0.187339
0.159290
0.060481
0.021913
0.012032
0.059146
0.010233
0.007614
0.014741
0.027289
0.027715
0.029238
0.041238
0.033380
0.154414
0.000000
0.000914
0.004447
0.000731
0.043187
0.339894
0.645128
0.395934
0.181764
0.006822
0.033807
0.099532
0.143206
0.121765
0.046233
0.016751
0.009198
0.107268
0.005543
0.009868
0.022111
0.050984
0.299935
0.255651
0.153257
0.035025
0.059508
0.000000
0.000352
0.001714
0.000282
0.016644
0.130988
0.248620
0.152585
0.000000
0.000000
0.000000
0.000000
0.105284
0.800790
0.142773
0.012207
0.000000
0.041339
0.002136
0.003803
0.008521
0.019648
0.115589
0.098523
0.059062
0.013498
0.218525
0.217422
0.163618
0.220990
0.145730
0.014179
0.003357
0.004601
0.003967
0.000000
0.000000
0.000000
0.000000
0.058960
0.448453
0.079955
0.006836
0.000000
0.001972
0.000000
0.000000
0.000000
0.097636
0.455171
0.013001
0.005074
0.006231
0.122377
0.121759
0.091628
0.123757
0.081611
0.007940
0.001880
0.002577
0.002222
0.022874
0.000500
0.009491
0.023334
0.668742
0.251787
0.000552
0.000000
0.000000
0.001704
0.000000
0.000000
0.000000
0.084377
0.393357
0.011236
0.004385
0.005385
0.099748
0.085467
0.058531
0.047522
0.118539
0.157438
0.000682
0.002045
0.000000
0.019768
0.000432
0.008203
0.020165
0.577925
0.217594
0.000477
0.000000
0.000000
0.087251
0.000000
0.000000
0.000000
0.307299
0.538458
0.044705
0.001272
0.000318
0.113293
0.097073
0.066479
0.053975
0.134635
0.178817
0.000774
0.002323
0.000000
0.142261
0.023059
0.000000
0.006645
0.091499
0.016465
0.014891
0.022917
0.015845
0.099099
0.000000
0.000000
0.000000
0.349027
0.611574
0.050775
0.001445
0.000361
0.075060
0.015845
0.001523
0.000000
0.217101
0.518359
0.176791
0.152945
0.072376
0.212252
0.034403
0.000000
0.009915
0.136515
0.024565
0.022217
0.034191
0.023641
0.018405
0.000000
0.003465
0.027549
0.182277
0.027261
0.007104
0.010858
0.006007
0.111988
0.023641
0.002272
0.000000
0.323913
0.773388
0.263770
0.228193
0.107984
0.082610
0.043047
0.026953
0.048188
0.097896
0.017962
0.012783
0.052115
0.151493
0.055072
0.000000
0.010369
0.082435
0.545422
0.081571
0.021257
0.032490
0.017973
0.009793
0.006106
0.006798
0.005415
0.000922
0.002074
0.005588
0.012731
0.009563
0.247191
0.128809
0.080650
0.144190
0.292931
0.053747
0.038251
0.155942
0.453309
0.090040
0.165850
0.357048
0.166657
0.211302
0.123048
0.083588
0.029725
0.010369
0.015595
0.009724
0.010825
0.008623
0.001468
0.003303
0.008898
0.020274
0.015228
0.101094
0.042016
0.005137
0.000000
0.000000
0.000000
0.006513
0.142192
0.042107
0.143385
0.264111
0.568586
0.265395
0.336491
0.195950
0.133110
0.047336
0.016513
0.110084
0.002569
0.042474
0.157604
0.318970
0.384837
0.134395
0.044584
0.011742
0.091698
0.038110
0.004660
0.000000
0.000000
0.000000
0.005908
0.128976
0.038193
0.000000
0.000000
0.000000
0.002829
0.000499
0.011233
0.037611
0.098521
0.015727
0.099852
0.002330
0.038526
0.142955
0.289322
0.349067
0.121903
0.040440
0.010651
0.202367
0.107092
0.105178
0.303800
0.714027
0.201785
0.000000
0.004660
0.008654
0.000000
0.000000
0.000000
0.002228
0.000393
0.008846
0.029618
0.077584
0.012385
0.652260
0.031715
0.007732
0.008519
0.012385
0.059695
0.060809
0.138394
0.103533
0.159363
0.084334
0.082827
0.239241
0.562291
0.158904
0.000000
0.003670
0.006815
0.026408
0.000000
0.000000
0.046066
0.127320
0.173517
0.204380
0.001769
0.000000
0.600465
0.029197
0.007118
0.007842
0.011401
0.054955
0.055981
0.127404
0.095312
0.180007
0.006756
0.033480
0.098569
0.141822
0.120588
0.045786
0.016589
0.009109
0.024311
0.000000
0.000000
0.042408
0.117210
0.159738
0.188151
0.001629
0.000000
0.326775
0.003016
0.000000
0.000000
0.022139
0.255895
0.269950
0.382454
0.239848
0.124317
0.004666
0.023122
0.068074
0.097946
0.083281
0.031621
0.011457
0.006291
0.073365
0.003791
0.006749
0.015123
0.034870
0.205140
0.174852
0.104820
0.023955
0.225679
0.002083
0.000000
0.000000
0.015290
0.176727
0.186434
0.264132
0.165645
0.069283
0.252634
0.366661
0.285588
0.605088
0.071824
0.000000
0.002875
0.016290
0.057892
0.002992
0.005326
0.011933
0.027516
0.161875
0.137975
0.082713
0.018903
0.306030
0.304485
0.229136
0.309482
0.204086
0.019856
0.004701
0.006443
0.005556
0.054670
0.199352
0.289330
0.225356
0.477471
0.056676
0.000000
0.002268
0.012854
0.074330
0.114469
0.159212
0.105528
0.120058
0.238407
0.159771
0.054605
0.054999
0.157674
0.156878
0.118056
0.159452
0.105150
0.010230
0.002422
0.003320
0.002862
0.029472
0.000644
0.012229
0.030065
0.861625
0.324409
0.000711
0.000000
0.000000
0.038296
0.058977
0.082030
0.054370
0.061857
0.122833
0.082318
0.028134
0.028337
0.033960
0.023713
0.027100
0.033046
0.033181
0.032131
0.043022
0.028117
0.013686
0.022375
0.000489
0.009284
0.022825
0.654140
0.246289
0.000540
0.000000
0.000000
0.098757
0.000000
0.000000
0.000000
0.347824
0.609467
0.050600
0.001440
0.000360
0.025782
0.018003
0.020574
0.025088
0.025191
0.024394
0.032662
0.021346
0.010390
0.010133
0.008590
0.009181
0.004128
0.001144
0.014081
0.013553
0.004655
0.001607
0.104933
0.000000
0.000000
0.000000
0.369576
0.647581
0.053765
0.001530
0.000383
0.079479
0.016778
0.001612
0.000000
0.229883
0.548878
0.187200
0.161950
0.076637
0.010767
0.009127
0.009756
0.004386
0.001216
0.014961
0.014401
0.004946
0.001708
0.031699
0.001325
0.003757
0.006859
0.008963
0.018992
0.002186
0.001148
0.000765
0.117774
0.024863
0.002389
0.000000
0.340647
0.813342
0.277397
0.239982
0.113563
0.086878
0.045271
0.028345
0.050677
0.102953
0.018890
0.013444
0.054807
0.159320
0.046972
0.001964
0.005568
0.010164
0.013282
0.028143
0.003239
0.001701
0.001134
0.031625
0.042356
0.032941
0.023101
0.012148
0.000688
0.005527
0.008159
0.004981
0.260747
0.135873
0.085072
0.152097
0.308995
0.056695
0.040349
0.164494
0.478168
0.094977
0.174945
0.376628
0.175796
0.222890
0.129796
0.088171
0.031355
0.010938
0.094917
0.127123
0.098866
0.069334
0.036460
0.002066
0.016589
0.024489
0.014948
0.044967
0.037918
0.057971
0.104274
0.260808
0.309724
0.107130
0.063440
0.006684
0.087398
0.160985
0.346574
0.161768
0.205104
0.119439
0.081136
0.028853
0.010065
0.067101
0.001566
0.025890
0.096066
0.194424
0.234572
0.081919
0.027176
0.007157
0.041379
0.034892
0.053345
0.095954
0.239996
0.285010
0.098582
0.058377
0.006151
0.290769
0.000000
0.000000
0.015769
0.317218
0.536357
0.038751
0.002237
0.000000
0.052896
0.001234
0.020409
0.075729
0.153265
0.184915
0.064577
0.021423
0.005642
0.107202
0.056731
0.055717
0.160935
0.378249
0.106893
0.000000
0.002468
0.004584
0.229215
0.000000
0.000000
0.012430
0.250065
0.422813
0.030547
0.001763
0.000000
0.017456
0.009786
0.070131
0.533718
0.381246
0.000882
0.000882
0.002645
0.000000
0.107401
0.056836
0.055820
0.161234
0.378952
0.107092
0.000000
0.002473
0.004593
0.017797
0.000000
0.000000
0.031046
0.085806
0.116940
0.137740
0.001192
0.000000
0.017488
0.009804
0.070261
0.534710
0.381955
0.000883
0.000883
0.002650
0.000000
0.027601
0.015236
0.015898
0.267797
0.478492
0.138889
0.036478
0.005299
0.003533
0.022422
0.000000
0.000000
0.039113
0.108103
0.147327
0.173532
0.001502
0.000000
0.301386
0.002782
0.000000
0.000000
0.020419
0.236013
0.248976
0.352739
0.221213
0.034773
0.019195
0.020029
0.337383
0.602828
0.174979
0.045956
0.006676
0.004451
0.052021
0.070492
0.116615
0.073441
0.037611
0.097754
0.045567
0.020085
0.005508
0.190236
0.001756
0.000000
0.000000
0.012888
0.148972
0.157155
0.222650
0.139631
0.058402
0.212958
0.309077
0.240736
0.510059
0.060544
0.000000
0.002423
0.013731
0.032836
0.044495
0.073608
0.046356
0.023740
0.061703
0.028762
0.012678
0.003477
0.604492
0.000000
0.000000
0.000000
0.000000
0.000000
0.000000
0.001264
0.002950
0.048018
0.175093
0.254121
0.197932
0.419368
0.049779
0.000000
0.001992
0.011290
0.065284
0.100540
0.139837
0.092686
0.105448
0.209395
0.140328
0.047960
0.048306
0.497011
0.000000
0.000000
0.000000
0.000000
0.000000
0.000000
0.001039
0.002425
0.546934
0.128432
0.016487
0.007190
0.001530
0.000173
0.002801
0.001992
0.000808
0.089401
0.137680
0.191495
0.126925
0.144402
0.286748
0.192167
0.065677
0.066151
0.079279
0.055357
0.063265
0.077144
0.077460
0.075008
0.100433
0.065637
0.031949
0.748978
0.175877
0.022578
0.009846
0.002096
0.000237
0.003835
0.002728
0.001107
0.305846
0.147012
0.038552
0.013642
0.007196
0.013839
0.041715
0.080940
0.085645
0.151663
0.105899
0.121028
0.147578
0.148183
0.143493
0.192131
0.125566
0.061119
0.059606
0.050529
0.054009
0.024281
0.006732
0.082828
0.079727
0.027382
0.009455
0.585093
0.281238
0.073751
0.026097
0.013767
0.026475
0.079803
0.154840
0.163841
0.543868
0.097578
0.061724
0.019667
0.033812
0.008018
0.017927
0.051512
0.085778
0.094578
0.080175
0.085696
0.038527
0.010682
0.131425
0.126504
0.043448
0.015003
0.278453
0.011642
0.033006
0.060252
0.078735
0.166832
0.019204
0.010082
0.006721
0.862965
0.154830
0.097939
0.031206
0.053650
0.012722
0.028445
0.081736
0.136106
0.085696
0.054370
0.045969
0.033846
0.002881
0.023525
0.020284
0.020524
0.010082
0.501494
0.020968
0.059444
0.108513
0.141802
0.300464
0.034586
0.018158
0.012105
0.337644
0.452209
0.351694
0.246640
0.129697
0.007349
0.059012
0.087113
0.053176
0.154339
0.097921
0.082790
0.060957
0.005188
0.042368
0.036531
0.036964
0.018158
0.161256
0.053392
0.060525
0.028966
0.003459
0.001729
0.019887
0.060093
0.026372
0.168750
0.226009
0.175772
0.123268
0.064821
0.003673
0.029493
0.043538
0.026577
0.079946
0.067414
0.103065
0.185388
0.463685
0.550653
0.190465
0.112788
0.011884
0.080594
0.026685
0.030250
0.014477
0.001729
0.000864
0.009939
0.030034
0.013180
0.414205
0.234867
0.055314
0.047103
0.039865
0.006374
0.014153
0.004537
0.003025
0.044753
0.037738
0.057695
0.103779
0.259568
0.308252
0.106621
0.063138
0.006652
0.314481
0.000000
0.000000
0.017055
0.343087
0.580096
0.041911
0.002419
0.000000
0.231869
0.131477
0.030964
0.026368
0.022316
0.003568
0.007923
0.002540
0.001693
0.084487
0.054006
0.056062
0.140972
0.359778
0.084668
0.022497
0.068702
0.036286
0.227577
0.000000
0.000000
0.012342
0.248277
0.419792
0.030329
0.001751
0.000000
0.017331
0.009716
0.069630
0.529904
0.378521
0.000875
0.000875
0.002626
0.000000
0.061139
0.039082
0.040570
0.102016
0.260357
0.061271
0.016280
0.049717
0.026259
0.197817
0.001225
0.006871
0.046566
0.310511
0.219612
0.036018
0.017375
0.007790
0.014162
0.007939
0.056897
0.433003
0.309303
0.000715
0.000715
0.002146
0.000000
0.022351
0.012338
0.012874
0.216859
0.387478
0.112471
0.029539
0.004291
0.002861
0.161643
0.001001
0.005615
0.038050
0.253729
0.179452
0.029432
0.014197
0.006366
0.049959
0.003755
0.024246
0.083825
0.583738
0.159819
0.005328
0.006008
0.004542
0.024066
0.013285
0.013862
0.233502
0.417215
0.121102
0.031806
0.004621
0.003081
0.036003
0.048787
0.080709
0.050828
0.026030
0.067655
0.031537
0.013901
0.003812
0.053793
0.004043
0.026107
0.090259
0.628538
0.172084
0.005737
0.006469
0.004890
0.346633
0.001848
0.026454
0.200733
0.324762
0.174818
0.042472
0.002426
0.004313
0.040639
0.055069
0.091101
0.057373
0.029382
0.076367
0.035597
0.015691
0.004303
0.748149
0.000000
0.000000
0.000000
0.000000
0.000000
0.000000
0.001565
0.003651
0.391265
0.002086
0.029860
0.226579
0.366577
0.197327
0.047941
0.002738
0.004868
0.028773
0.048332
0.053026
0.077627
0.127828
0.072107
0.032120
0.007519
0.012518
0.555852
0.000000
0.000000
0.000000
0.000000
0.000000
0.000000
0.001163
0.002713
0.611686
0.143637
0.018439
0.008041
0.001712
0.000194
0.003132
0.002228
0.000904
0.021378
0.035909
0.039397
0.057675
0.094972
0.053573
0.023864
0.005587
0.009300
0.525626
0.016663
0.000000
0.000000
0.000000
0.000000
0.003165
0.005619
0.000904
0.597987
0.140421
0.018026
0.007861
0.001673
0.000189
0.003062
0.002178
0.000884
0.244189
0.117375
0.030780
0.010891
0.005746
0.011049
0.033306
0.064623
0.068379
0.513855
0.016290
0.000000
0.000000
0.000000
0.000000
0.003094
0.005493
0.000884
0.509467
0.116965
0.010260
0.002115
0.000253
0.000000
0.000158
0.000916
0.000821
0.343747
0.165230
0.043329
0.015332
0.008088
0.015554
0.046885
0.090970
0.096258
0.319527
0.057328
0.036263
0.011555
0.019865
0.004711
0.010532
0.030264
0.050395
0.717180
0.164652
0.014443
0.002978
0.000356
0.000000
0.000222
0.001289
0.001155
0.381077
0.178828
0.006222
0.001778
0.002666
0.000000
0.002000
0.025420
0.044574
0.309105
0.055458
0.035081
0.011178
0.019217
0.004557
0.010189
0.029277
0.048752
0.030696
0.019475
0.016466
0.012123
0.001032
0.008426
0.007265
0.007351
0.003611
0.368647
0.172996
0.006019
0.001720
0.002579
0.000000
0.001935
0.024591
0.043120
0.388251
0.263148
0.149694
0.145223
0.300378
0.352569
0.270026
0.287137
0.304376
0.025581
0.016230
0.013722
0.010104
0.000860
0.007022
0.006055
0.006127
0.003010
0.026728
0.008850
0.010032
0.004801
0.000573
0.000287
0.003296
0.009960
0.004371
0.323565
0.219305
0.124754
0.121028
0.250332
0.293828
0.225037
0.239297
0.253664
0.029200
0.037046
0.232920
0.528754
0.392678
0.051808
0.005947
0.019383
0.003547
0.021834
0.007229
0.008195
0.003922
0.000468
0.000234
0.002693
0.008137
0.003571
0.112214
0.063629
0.014985
0.012761
0.010800
0.001727
0.003834
0.001229
0.000820
0.023853
0.030263
0.190272
0.431938
0.320778
0.042322
0.004858
0.015834
0.002898
0.035122
0.000000
0.013815
0.106506
0.420055
0.667282
0.135745
0.000000
0.000000
0.125474
0.071148
0.016756
0.014269
0.012076
0.001931
0.004287
0.001375
0.000916
0.045719
0.029225
0.030338
0.076286
0.194691
0.045817
0.012174
0.037178
0.019636
0.039272
0.000000
0.015447
0.119092
0.469694
0.746136
0.151786
0.000000
0.000000
0.047912
0.083191
0.214720
0.211284
0.102729
0.006774
0.004451
0.002095
0.003960
0.079023
0.050514
0.052437
0.131856
0.336512
0.079193
0.021043
0.064259
0.033940
0.255679
0.001584
0.008881
0.060186
0.401337
0.283849
0.046554
0.022457
0.010069
0.082813
0.143791
0.371131
0.365191
0.177561
0.011709
0.007693
0.003620
0.006845
0.199283
0.046837
0.147525
0.231073
0.284867
0.059394
0.010634
0.006053
0.005374
0.187731
0.001163
0.006521
0.044192
0.294679
0.208415
0.034182
0.016489
0.007393
0.058022
0.004361
0.028160
0.097354
0.677949
0.185613
0.006188
0.006978
0.005275
0.146322
0.034390
0.108319
0.169664
0.209162
0.043610
0.007808
0.004444
0.003946
0.374631
0.000000
0.000623
0.005482
0.252855
0.099722
0.004319
0.003572
0.002243
0.051120
0.003842
0.024810
0.085773
0.597302
0.163533
0.005452
0.006148
0.004647
0.329407
0.001756
0.025139
0.190757
0.308622
0.166131
0.040362
0.002305
0.004098
0.330066
0.000000
0.000549
0.004830
0.222776
0.087859
0.003806
0.003147
0.001976
0.113437
0.003293
0.001830
0.023310
0.354656
0.173376
0.012185
0.002488
0.001903
0.434430
0.002316
0.033154
0.251576
0.407019
0.219097
0.053230
0.003040
0.005405
0.031948
0.053664
0.058876
0.086191
0.141930
0.080062
0.035664
0.008349
0.013899
0.149604
0.004343
0.002413
0.030741
0.467729
0.228652
0.016070
0.003282
0.002509
0.231982
0.058345
0.074078
0.100669
0.295684
0.180104
0.008059
0.000000
0.000000
0.033823
0.056815
0.062333
0.091251
0.150263
0.084763
0.037757
0.008839
0.014715
0.831633
0.026364
0.000000
0.000000
0.000000
0.000000
0.005007
0.008890
0.001431
0.245602
0.061771
0.078427
0.106579
0.313044
0.190677
0.008532
0.000000
0.000000
0.110207
0.148424
0.074237
0.045217
0.034487
0.013182
0.004956
0.015379
0.009401
0.537273
0.017032
0.000000
0.000000
0.000000
0.000000
0.003235
0.005743
0.000924
0.532685
0.122295
0.010728
0.002212
0.000264
0.000000
0.000165
0.000957
0.000858
0.071198
0.095889
0.047961
0.029212
0.022280
0.008516
0.003202
0.009935
0.006073
0.625470
0.053176
0.000000
0.000000
0.000000
0.000000
0.000000
0.000000
0.000000
0.464603
0.106665
0.009357
0.001929
0.000230
0.000000
0.000144
0.000835
0.000749
0.246869
0.115848
0.004031
0.001152
0.001727
0.000000
0.001296
0.016468
0.028876
0.545530
0.046380
0.000000
0.000000
0.000000
0.000000
0.000000
0.000000
0.000000
0.628472
0.049374
0.003714
0.000432
0.000000
0.000000
0.000144
0.000432
0.000000
0.265403
0.124546
0.004333
0.001238
0.001857
0.000000
0.001393
0.017704
0.031044
0.279517
0.189450
0.107771
0.104552
0.216253
0.253828
0.194402
0.206720
0.219132
0.675656
0.053081
0.003993
0.000464
0.000000
0.000000
0.000155
0.000464
0.000000
0.274472
0.021820
0.021758
0.004766
0.000186
0.000186
0.001826
0.021697
0.017766
0.288373
0.195453
0.111185
0.107865
0.223105
0.261870
0.200562
0.213270
0.226075
0.026024
0.033017
0.207587
0.471245
0.349969
0.046173
0.005301
0.017275
0.003161
0.283168
0.022512
0.022448
0.004917
0.000192
0.000192
0.001884
0.022384
0.018329
0.150461
0.185777
0.121627
0.118178
0.196538
0.031548
0.000000
0.000000
0.000000
0.020959
0.026591
0.167185
0.379528
0.281856
0.037186
0.004269
0.013913
0.002546
0.030860
0.000000
0.012138
0.093583
0.369087
0.586317
0.119274
0.000000
0.000000
0.121177
0.149620
0.097955
0.095178
0.158287
0.025408
0.000000
0.000000
0.000000
0.240195
0.189121
0.187192
0.156924
0.048785
0.000000
0.007432
0.039270
0.056680
0.026468
0.000000
0.010411
0.080264
0.316556
0.502867
0.102298
0.000000
0.000000
0.032291
0.056068
0.144713
0.142397
0.069236
0.004566
0.003000
0.001412
0.002669
0.206008
0.162204
0.160550
0.134589
0.041841
0.000000
0.006374
0.033680
0.048613
0.567625
0.060898
0.029468
0.017998
0.008073
0.029512
0.102166
0.317460
0.147580
0.036655
0.063645
0.164271
0.161642
0.078593
0.005183
0.003405
0.001602
0.003030
0.088207
0.020731
0.065298
0.102278
0.126089
0.026289
0.004707
0.002679
0.002379
0.644340
0.069129
0.033450
0.020431
0.009164
0.033500
0.115974
0.360365
0.167526
0.358912
0.344341
0.170055
0.158387
0.015398
0.001627
0.000000
0.000000
0.000000
0.131541
0.030916
0.097377
0.152524
0.188033
0.039205
0.007019
0.003995
0.003547
0.336786
0.000000
0.000560
0.004929
0.227312
0.089648
0.003883
0.003211
0.002016
0.535236
0.513505
0.253598
0.236198
0.022963
0.002427
0.000000
0.000000
0.000000
0.227499
0.054102
0.012919
0.004817
0.000224
0.000000
0.011388
0.096742
0.060636
0.513241
0.000000
0.000854
0.007511
0.346410
0.136618
0.005918
0.004893
0.003073
0.176391
0.005121
0.002845
0.036246
0.551479
0.269594
0.018948
0.003869
0.002959
0.346694
0.082449
0.019688
0.007340
0.000341
0.000000
0.017355
0.147429
0.092406
0.036985
0.010071
0.021224
0.070215
0.064525
0.118694
0.064639
0.027426
0.009787
0.194243
0.005639
0.003133
0.039914
0.607292
0.296879
0.020865
0.004261
0.003258
0.301202
0.075755
0.096182
0.130707
0.383912
0.233844
0.010464
0.000000
0.000000
0.040728
0.011091
0.023372
0.077321
0.071055
0.130707
0.071181
0.030202
0.010777
0.048185
0.009524
0.028447
0.217302
0.295500
0.059213
0.020991
0.002632
0.001754
0.351495
0.088404
0.112242
0.152532
0.448016
0.272890
0.012211
0.000000
0.000000
0.157723
0.212418
0.106246
0.064713
0.049357
0.018865
0.007093
0.022010
0.013454
0.056230
0.011114
0.033197
0.253585
0.344841
0.069100
0.024496
0.003071
0.002047
0.252854
0.049942
0.052428
0.051843
0.363780
0.251757
0.055353
0.065078
0.023984
0.102739
0.138367
0.069207
0.042153
0.032151
0.012289
0.004620
0.014337
0.008764
0.902551
0.076733
0.000000
0.000000
0.000000
0.000000
0.000000
0.000000
0.000000
0.164706
0.032532
0.034151
0.033770
0.236962
0.163992
0.036056
0.042391
0.015623
0.109455
0.042058
0.098214
0.026387
0.006144
0.001715
0.023434
0.008288
0.011336
0.557967
0.047437
0.000000
0.000000
0.000000
0.000000
0.000000
0.000000
0.000000
0.642800
0.050499
0.003798
0.000442
0.000000
0.000000
0.000147
0.000442
0.000000
0.067666
0.026001
0.060717
0.016313
0.003798
0.001060
0.014487
0.005124
0.007008
0.478993
0.178058
0.004299
0.000000
0.000000
0.000000
0.000000
0.000000
0.000000
0.577092
0.045337
0.003410
0.000397
0.000000
0.000000
0.000132
0.000397
0.000000
0.234432
0.018637
0.018584
0.004071
0.000159
0.000159
0.001560
0.018531
0.015174
0.430030
0.159857
0.003860
0.000000
0.000000
0.000000
0.000000
0.000000
0.000000
0.627241
0.065719
0.018875
0.007085
0.000317
0.000000
0.000132
0.000767
0.000687
0.313121
0.024893
0.024822
0.005438
0.000212
0.000212
0.002083
0.024752
0.020267
0.166376
0.205428
0.134492
0.130679
0.217327
0.034885
0.000000
0.000000
0.000000
0.837778
0.087778
0.025211
0.009463
0.000424
0.000000
0.000177
0.001024
0.000918
0.158149
0.039122
0.004166
0.002260
0.000565
0.002260
0.013523
0.039087
0.087072
0.197401
0.243735
0.159571
0.155047
0.257853
0.041391
0.000000
0.000000
0.000000
0.391283
0.308083
0.304941
0.255633
0.079471
0.000000
0.012107
0.063971
0.092333
0.187640
0.046418
0.004943
0.002681
0.000670
0.002681
0.016045
0.046376
0.103309
0.032635
0.024214
0.023963
0.050691
0.349306
0.408627
0.098910
0.057938
0.032844
0.201735
0.158839
0.157219
0.131797
0.040973
0.000000
0.006242
0.032982
0.047604
0.555850
0.059635
0.028856
0.017625
0.007905
0.028899
0.100047
0.310874
0.144519
0.016826
0.012484
0.012355
0.026135
0.180092
0.210677
0.050995
0.029871
0.016934
0.268778
0.495027
0.132315
0.068080
0.128233
0.070629
0.017646
0.041621
0.005033
0.404238
0.043369
0.020986
0.012818
0.005749
0.021017
0.072758
0.226081
0.105100
0.225170
0.216028
0.106687
0.099367
0.009660
0.001021
0.000000
0.000000
0.000000
0.195467
0.360005
0.096226
0.049511
0.093257
0.051364
0.012833
0.030269
0.003660
0.625419
0.249879
0.043699
0.001147
0.001005
0.000000
0.000314
0.001068
0.002388
0.276855
0.265615
0.131175
0.122175
0.011878
0.001255
0.000000
0.000000
0.000000
0.117675
0.027985
0.006682
0.002491
0.000116
0.000000
0.005891
0.050041
0.031365
0.768975
0.307235
0.053729
0.001410
0.001236
0.000000
0.000386
0.001313
0.002936
0.320503
0.035961
0.008459
0.003245
0.000000
0.000000
0.000406
0.045850
0.086620
0.303215
0.072109
0.017219
0.006420
0.000299
0.000000
0.015178
0.128940
0.080817
0.032347
0.008808
0.018562
0.061409
0.056433
0.103809
0.056532
0.023986
0.008559
0.825841
0.092661
0.021797
0.008360
0.000000
0.000000
0.001045
0.118141
0.223194
0.314611
0.002190
0.005773
0.013835
0.015029
0.018910
0.011943
0.013188
0.032596
0.069226
0.018851
0.039725
0.131422
0.120772
0.222161
0.120985
0.051333
0.018318
0.081899
0.016188
0.048351
0.369345
0.502258
0.100643
0.035678
0.004473
0.002982
0.673298
0.004686
0.012354
0.029607
0.032163
0.040470
0.025560
0.028223
0.069758
0.097129
0.013952
0.028436
0.042174
0.040470
0.053676
0.062303
0.032270
0.002982
0.077930
0.015404
0.046008
0.351447
0.477919
0.095766
0.033949
0.004256
0.002838
0.350434
0.069215
0.072661
0.071850
0.504166
0.348913
0.076714
0.090193
0.033240
0.092422
0.013276
0.027058
0.040131
0.038509
0.051075
0.059284
0.030706
0.002838
0.113501
0.000000
0.019660
0.137924
0.216057
0.037090
0.014390
0.005979
0.002635
0.375539
0.074174
0.077866
0.076998
0.540286
0.373910
0.082210
0.096654
0.035621
0.249563
0.095894
0.223934
0.060164
0.014009
0.003910
0.053431
0.018896
0.025847
0.121632
0.000000
0.021068
0.147805
0.231536
0.039748
0.015421
0.006407
0.002824
0.178104
0.003041
0.015313
0.260858
0.203191
0.156710
0.067549
0.006190
0.006082
0.126544
0.048624
0.113548
0.030507
0.007104
0.001982
0.027093
0.009582
0.013106
0.895777
0.332991
0.008040
0.000000
0.000000
0.000000
0.000000
0.000000
0.000000
0.090310
0.001542
0.007764
0.132271
0.103031
0.079462
0.034252
0.003139
0.003084
0.007985
0.003029
0.018503
0.048349
0.014648
0.016190
0.041796
0.067347
0.005727
0.491816
0.182825
0.004414
0.000000
0.000000
0.000000
0.000000
0.000000
0.000000
0.717362
0.075162
0.021587
0.008103
0.000363
0.000000
0.000151
0.000877
0.000786
0.004384
0.001663
0.010159
0.026545
0.008042
0.008889
0.022948
0.036976
0.003144
0.309566
0.324078
0.012154
0.000000
0.000000
0.000000
0.000000
0.000000
0.000000
0.715579
0.074975
0.021533
0.008083
0.000362
0.000000
0.000151
0.000875
0.000784
0.135081
0.033416
0.003559
0.001930
0.000483
0.001930
0.011551
0.033386
0.074372
0.308796
0.323273
0.012124
0.000000
0.000000
0.000000
0.000000
0.000000
0.000000
0.417278
0.284941
0.015532
0.000000
0.000000
0.000000
0.000302
0.006816
0.004946
0.200266
0.049541
0.005276
0.002862
0.000715
0.002862
0.017125
0.049496
0.110260
0.034831
0.025844
0.025575
0.054102
0.372811
0.436123
0.105566
0.061837
0.035054
0.618639
0.422441
0.023027
0.000000
0.000000
0.000000
0.000447
0.010105
0.007333
0.060675
0.104135
0.092331
0.010105
0.023072
0.022714
0.039615
0.061211
0.016409
0.024059
0.017851
0.017666
0.037369
0.257509
0.301241
0.072917
0.042712
0.024213
0.384318
0.707826
0.189194
0.097346
0.183357
0.100990
0.025232
0.059513
0.007196
0.041909
0.071928
0.063775
0.006980
0.015936
0.015689
0.027363
0.042280
0.011334
0.188700
0.063806
0.067975
0.060193
0.117204
0.110441
0.032490
0.037771
0.004571
0.213608
0.393417
0.105156
0.054106
0.101912
0.056131
0.014024
0.033078
0.004000
0.683462
0.273069
0.047754
0.001253
0.001099
0.000000
0.000343
0.001167
0.002609
0.104881
0.035464
0.037781
0.033456
0.065143
0.061384
0.018058
0.020993
0.002540
0.391031
0.169338
0.053505
0.024324
0.095663
0.094925
0.000858
0.000000
0.000000
0.459089
0.183424
0.032077
0.000842
0.000738
0.000000
0.000231
0.000784
0.001753
0.191345
0.021469
0.005050
0.001937
0.000000
0.000000
0.000242
0.027373
0.051713
0.262660
0.113746
0.035940
0.016338
0.064258
0.063762
0.000577
0.000000
0.000000
0.779227
0.123016
0.004670
0.000000
0.000000
0.000000
0.000000
0.000000
0.000000
0.226441
0.025407
0.005977
0.002292
0.000000
0.000000
0.000287
0.032394
0.061198
0.086264
0.000600
0.001583
0.003793
0.004121
0.005185
0.003275
0.003616
0.008938
0.922151
0.145580
0.005526
0.000000
0.000000
0.000000
0.000000
0.000000
0.000000
0.216521
0.054157
0.035505
0.001228
0.000000
0.000000
0.004789
0.038902
0.106950
0.317087
0.002207
0.005818
0.013943
0.015147
0.019059
0.012037
0.013291
0.032852
0.045742
0.006570
0.013392
0.019862
0.019059
0.025279
0.029341
0.015197
0.001404
0.795878
0.199070
0.130506
0.004514
0.000000
0.000000
0.017605
0.142995
0.393124
0.123635
0.005417
0.004313
0.022871
0.019260
0.024978
0.023222
0.052463
0.082908
0.172031
0.024711
0.050364
0.074698
0.071680
0.095070
0.110349
0.057155
0.005282
0.211266
0.000000
0.036594
0.256726
0.402160
0.069039
0.026786
0.011129
0.004904
0.464974
0.020372
0.016222
0.086015
0.072434
0.093938
0.087336
0.197307
0.311806
0.456486
0.000000
0.062814
0.174483
0.162599
0.034519
0.013581
0.008488
0.000000
0.195611
0.000000
0.033883
0.237703
0.372360
0.063923
0.024801
0.010305
0.004541
0.286431
0.004890
0.024626
0.419517
0.326776
0.252024
0.108634
0.009955
0.009781
0.422661
0.000000
0.058159
0.161554
0.150551
0.031962
0.012575
0.007859
0.000000
0.164174
0.033883
0.017116
0.131164
0.060954
0.076847
0.120511
0.132212
0.019736
0.329672
0.005629
0.028344
0.482849
0.376108
0.290071
0.125034
0.011458
0.011257
0.029148
0.011056
0.067543
0.176495
0.053471
0.059100
0.152574
0.245847
0.020906
0.188959
0.038998
0.019700
0.150966
0.070156
0.088449
0.138704
0.152172
0.022715
0.265547
0.143930
0.026736
0.001005
0.024725
0.229363
0.123627
0.101113
0.043822
0.009527
0.003614
0.022076
0.057687
0.017477
0.019317
0.049868
0.080354
0.006833
0.672730
0.704267
0.026412
0.000000
0.000000
0.000000
0.000000
0.000000
0.000000
0.086793
0.047043
0.008738
0.000329
0.008081
0.074967
0.040407
0.033048
0.014323
0.049606
0.021025
0.028581
0.004271
0.004271
0.088896
0.078975
0.028646
0.001577
0.405881
0.424909
0.015936
0.000000
0.000000
0.000000
0.000000
0.000000
0.000000
0.548469
0.374526
0.020415
0.000000
0.000000
0.000000
0.000396
0.008959
0.006501
0.029929
0.012685
0.017244
0.002577
0.002577
0.053634
0.047648
0.017283
0.000951
0.448773
0.067746
0.005550
0.000000
0.000000
0.000000
0.000000
0.000000
0.000000
0.571975
0.390577
0.021290
0.000000
0.000000
0.000000
0.000413
0.009343
0.006780
0.056098
0.096280
0.085366
0.009343
0.021331
0.021001
0.036627
0.056594
0.015172
0.468006
0.070649
0.005788
0.000000
0.000000
0.000000
0.000000
0.000000
0.000000
0.510337
0.082348
0.037371
0.006697
0.000579
0.015337
0.004134
0.019595
0.029806
0.078869
0.135362
0.120019
0.013135
0.029990
0.029525
0.051495
0.079567
0.021330
0.355116
0.120077
0.127923
0.113277
0.220567
0.207839
0.061143
0.071081
0.008602
0.717497
0.115776
0.052541
0.009416
0.000814
0.021563
0.005812
0.027549
0.041905
0.301761
0.175175
0.029176
0.012322
0.012728
0.020226
0.076312
0.117461
0.047194
0.164246
0.055537
0.059166
0.052392
0.102015
0.096128
0.028279
0.032876
0.003978
0.612360
0.265186
0.083790
0.038091
0.149810
0.148655
0.001344
0.000000
0.000000
0.139569
0.081021
0.013494
0.005699
0.005887
0.009355
0.035295
0.054327
0.021828
0.451232
0.434566
0.103547
0.040618
0.024623
0.038897
0.030726
0.065913
0.023118
0.275484
0.119300
0.037695
0.017136
0.067396
0.066876
0.000605
0.000000
0.000000
0.817273
0.129023
0.004898
0.000000
0.000000
0.000000
0.000000
0.000000
0.000000
0.202997
0.195499
0.046583
0.018273
0.011077
0.017499
0.013823
0.029653
0.010400
0.354743
0.013230
0.001427
0.006917
0.006905
0.054855
0.022227
0.020196
0.031237
0.678462
0.107109
0.004066
0.000000
0.000000
0.000000
0.000000
0.000000
0.000000
0.159303
0.039846
0.026122
0.000904
0.000000
0.000000
0.003524
0.028622
0.078688
0.294491
0.010983
0.001185
0.005742
0.005732
0.045538
0.018452
0.016766
0.025931
0.630434
0.058348
0.010431
0.012639
0.010953
0.010933
0.021574
0.030158
0.022679
0.214939
0.053762
0.035245
0.001219
0.000000
0.000000
0.004754
0.038618
0.106169
0.033389
0.001463
0.001165
0.006177
0.005201
0.006746
0.006272
0.014169
0.022391
0.850612
0.078726
0.014074
0.017054
0.014778
0.014751
0.029109
0.040690
0.030599
0.387548
0.206784
0.042004
0.000000
0.000000
0.001896
0.020860
0.036302
0.065831
0.062419
0.002735
0.002178
0.011547
0.009724
0.012610
0.011724
0.026487
0.041857
0.061279
0.000000
0.008432
0.023423
0.021828
0.004634
0.001823
0.001139
0.000000
0.724490
0.386567
0.078524
0.000000
0.000000
0.003545
0.038996
0.067863
0.123065
0.114988
0.000000
0.000000
0.125091
0.478891
0.133447
0.065128
0.062267
0.048289
0.078956
0.000000
0.010865
0.030179
0.028124
0.005971
0.002349
0.001468
0.000000
0.030669
0.006330
0.003197
0.024502
0.011387
0.014356
0.022512
0.024698
0.003687
0.148156
0.000000
0.000000
0.161174
0.617028
0.171941
0.083915
0.080228
0.062218
0.033931
0.000000
0.001109
0.341630
0.628676
0.013573
0.000326
0.000000
0.000000
0.041351
0.008534
0.004311
0.033037
0.015353
0.019356
0.030353
0.033301
0.004971
0.058111
0.031497
0.005851
0.000220
0.005411
0.050193
0.027054
0.022127
0.009590
0.045750
0.000000
0.001496
0.460625
0.847653
0.018300
0.000440
0.000000
0.000000
0.058947
0.027978
0.098099
0.185420
0.063742
0.014385
0.015221
0.016936
0.002288
0.213145
0.115527
0.021460
0.000807
0.019846
0.184102
0.099231
0.081160
0.035175
0.121820
0.051632
0.070188
0.010488
0.010488
0.218308
0.193944
0.070349
0.003872
0.216211
0.102619
0.359813
0.680095
0.233798
0.052762
0.055828
0.062120
0.008390
0.151670
0.013553
0.027591
0.125047
0.100522
0.039854
0.097456
0.036788
0.004518
0.064064
0.027153
0.036911
0.005515
0.005515
0.114806
0.101993
0.036996
0.002036
0.960618
0.145013
0.011879
0.000000
0.000000
0.000000
0.000000
0.000000
0.000000
0.079762
0.007128
0.014510
0.065761
0.052863
0.020959
0.051251
0.019346
0.002376
0.051930
0.063979
0.016886
0.000000
0.000000
0.007128
0.015358
0.011455
0.011879
0.555809
0.083904
0.006873
0.000000
0.000000
0.000000
0.000000
0.000000
0.000000
0.606082
0.097798
0.044382
0.007953
0.000687
0.018214
0.004910
0.023271
0.035398
0.030046
0.037018
0.009770
0.000000
0.000000
0.004124
0.008886
0.006628
0.006873
0.542357
0.078356
0.007708
0.000000
0.000000
0.000000
0.000000
0.000000
0.000000
0.670556
0.108202
0.049104
0.008800
0.000760
0.020152
0.005432
0.025747
0.039163
0.282019
0.163715
0.027268
0.011515
0.011896
0.018903
0.071320
0.109777
0.044106
0.600051
0.086692
0.008528
0.000000
0.000000
0.000000
0.000000
0.000000
0.000000
0.152362
0.038131
0.047365
0.029440
0.009451
0.019283
0.033514
0.076263
0.062466
0.185873
0.107901
0.017972
0.007590
0.007840
0.012458
0.047005
0.072351
0.029069
0.600936
0.578740
0.137901
0.054094
0.032793
0.051802
0.040919
0.087781
0.030788
0.100418
0.025131
0.031217
0.019404
0.006229
0.012709
0.022088
0.050263
0.041170
0.438727
0.045716
0.011886
0.003652
0.004582
0.000000
0.002506
0.023914
0.022983
0.312067
0.300540
0.071612
0.028091
0.017029
0.026901
0.021249
0.045585
0.015988
0.545345
0.020338
0.002194
0.010634
0.010615
0.084328
0.034170
0.031047
0.048020
0.227831
0.023741
0.006172
0.001896
0.002380
0.000000
0.001301
0.012419
0.011935
0.657114
0.090779
0.006860
0.003030
0.001060
0.002603
0.005187
0.004685
0.003142
0.365057
0.013615
0.001468
0.007118
0.007106
0.056450
0.022874
0.020783
0.032145
0.781498
0.072329
0.012930
0.015668
0.013577
0.013552
0.026744
0.037384
0.028113
0.439875
0.060768
0.004592
0.002029
0.000709
0.001742
0.003472
0.003136
0.002103
0.156768
0.046220
0.003808
0.000597
0.002613
0.014374
0.027565
0.089379
0.093212
0.781607
0.072339
0.012932
0.015670
0.013579
0.013554
0.026748
0.037389
0.028117
0.356109
0.190009
0.038597
0.000000
0.000000
0.001743
0.019168
0.033357
0.060490
0.156789
0.046227
0.003809
0.000597
0.002614
0.014376
0.027569
0.089391
0.093225
0.056906
0.032560
0.031540
0.027694
0.084251
0.313940
0.181508
0.129146
0.069950
0.469534
0.250530
0.050890
0.000000
0.000000
0.002298
0.025273
0.043981
0.079757
0.074522
0.000000
0.000000
0.081070
0.310364
0.086486
0.042209
0.040355
0.031296
0.075031
0.042931
0.041585
0.036514
0.111086
0.413934
0.239321
0.170280
0.092230
0.338148
0.406369
0.107722
0.020333
0.033265
0.024272
0.030459
0.027981
0.032018
0.088262
0.000000
0.000000
0.096017
0.367587
0.102431
0.049991
0.047795
0.037066
0.020214
0.000000
0.000661
0.203522
0.374526
0.008086
0.000194
0.000000
0.000000
0.400493
0.481291
0.127582
0.024082
0.039398
0.028747
0.036075
0.033140
0.037921
0.200334
0.394040
0.173686
0.001166
0.010010
0.022858
0.009854
0.047348
0.073587
0.029486
0.000000
0.000964
0.296869
0.546306
0.011794
0.000284
0.000000
0.000000
0.037991
0.018032
0.063224
0.119502
0.041081
0.009271
0.009810
0.010915
0.001474
0.292219
0.574771
0.253349
0.001701
0.014601
0.033341
0.014374
0.069064
0.107339
0.158712
0.168493
0.150745
0.116015
0.050579
0.003204
0.006861
0.011964
0.009158
0.051054
0.024232
0.084963
0.160592
0.055207
0.012459
0.013183
0.014669
0.001981
0.035814
0.003200
0.006515
0.029528
0.023736
0.009411
0.023012
0.008687
0.001067
0.213284
0.226429
0.202578
0.155906
0.067971
0.004305
0.009220
0.016078
0.012306
0.620079
0.125006
0.043129
0.012344
0.032576
0.273711
0.290018
0.384506
0.281827
0.018294
0.001635
0.003328
0.015083
0.012125
0.004807
0.011755
0.004437
0.000545
0.011911
0.014674
0.003873
0.000000
0.000000
0.001635
0.003523
0.002627
0.002725
0.316743
0.063855
0.022031
0.006306
0.016640
0.139815
0.148144
0.196410
0.143960
0.034253
0.000000
0.000000
0.051341
0.765380
0.450641
0.000000
0.000000
0.000000
0.011368
0.014006
0.003697
0.000000
0.000000
0.001560
0.003362
0.002508
0.002601
0.205207
0.029647
0.002916
0.000000
0.000000
0.000000
0.000000
0.000000
0.000000
0.032693
0.000000
0.000000
0.049003
0.730532
0.430124
0.000000
0.000000
0.000000
0.000000
0.000000
0.001579
0.024483
0.421449
0.237195
0.000000
0.000000
0.000000
0.360138
0.052030
0.005118
0.000000
0.000000
0.000000
0.000000
0.000000
0.000000
0.091444
0.022886
0.028428
0.017669
0.005672
0.011573
0.020115
0.045771
0.037491
0.000000
0.000000
0.002771
0.042967
0.739640
0.416276
0.000000
0.000000
0.000000
0.355280
0.070873
0.001434
0.002412
0.000522
0.000196
0.001108
0.000000
0.005216
0.161892
0.040516
0.050328
0.031282
0.010042
0.020489
0.035610
0.081033
0.066373
0.707303
0.073703
0.019162
0.005887
0.007388
0.000000
0.004040
0.038554
0.037053
0.628983
0.125473
0.002539
0.004271
0.000923
0.000346
0.001962
0.000000
0.009234
0.174993
0.051367
0.015987
0.000289
0.000000
0.000000
0.000289
0.021412
0.037169
0.311753
0.032485
0.008446
0.002595
0.003256
0.000000
0.001781
0.016993
0.016332
0.899161
0.124218
0.009387
0.004147
0.001450
0.003561
0.007097
0.006411
0.004299
0.077131
0.022641
0.007047
0.000127
0.000000
0.000000
0.000127
0.009438
0.016383
0.262351
0.027347
0.012541
0.007733
0.002849
0.001145
0.002824
0.003714
0.016230
0.721976
0.099740
0.007537
0.003329
0.001164
0.002860
0.005699
0.005147
0.003452
0.257306
0.075862
0.006250
0.000980
0.004289
0.023592
0.045243
0.146699
0.152990
0.210653
0.021958
0.010070
0.006209
0.002288
0.000919
0.002267
0.002982
0.013032
0.496494
0.221152
0.045550
0.024654
0.035133
0.020814
0.032845
0.038074
0.040321
0.243894
0.071908
0.005925
0.000929
0.004066
0.022362
0.042885
0.139053
0.145016
0.088520
0.050649
0.049062
0.043079
0.131057
0.488350
0.282346
0.200893
0.108811
0.470615
0.209625
0.043176
0.023369
0.033301
0.019729
0.031133
0.036089
0.038219
0.121744
0.320643
0.284766
0.135587
0.012411
0.000000
0.000000
0.004414
0.000232
0.078564
0.044953
0.043544
0.038234
0.116317
0.433427
0.250592
0.178299
0.096573
0.354072
0.425506
0.112795
0.021291
0.034832
0.025415
0.031893
0.029298
0.033526
0.108052
0.284581
0.252740
0.120338
0.011015
0.000000
0.000000
0.003918
0.000206
0.159139
0.274821
0.187063
0.065625
0.048458
0.040416
0.023593
0.185705
0.091418
0.370621
0.445393
0.118066
0.022286
0.036460
0.026603
0.033384
0.030668
0.035093
0.185392
0.364650
0.160732
0.001079
0.009263
0.021153
0.009119
0.043816
0.068099
0.166577
0.287666
0.195806
0.068692
0.050723
0.042305
0.024696
0.194385
0.095691
0.172243
0.034409
0.021081
0.033708
0.065473
0.297073
0.279913
0.176470
0.064951
0.238818
0.469735
0.207051
0.001390
0.011933
0.027248
0.011747
0.056443
0.087723
0.129708
0.137702
0.123197
0.094814
0.041336
0.002618
0.005607
0.009778
0.007484
0.221880
0.044325
0.027156
0.043421
0.084340
0.382683
0.360579
0.227325
0.083669
0.410256
0.074725
0.029334
0.014968
0.005352
0.024306
0.037212
0.091662
0.155659
0.168862
0.179269
0.160386
0.123434
0.053814
0.003409
0.007300
0.012730
0.009743
0.490931
0.098971
0.034147
0.009773
0.025791
0.216704
0.229614
0.304423
0.223129
0.534097
0.097281
0.038189
0.019486
0.006968
0.031643
0.048445
0.119332
0.202647
0.157852
0.137431
0.022654
0.013092
0.008054
0.017194
0.008325
0.010135
0.002534
0.246265
0.049646
0.017129
0.004903
0.012937
0.108705
0.115181
0.152707
0.111928
0.026631
0.000000
0.000000
0.039917
0.595076
0.350370
0.000000
0.000000
0.000000
0.079183
0.068939
0.011364
0.006567
0.004040
0.008625
0.004176
0.005084
0.001271
0.444094
0.365698
0.163950
0.159849
0.035150
0.000000
0.010653
0.014693
0.004010
0.021597
0.000000
0.000000
0.032372
0.482593
0.284142
0.000000
0.000000
0.000000
0.000000
0.000000
0.001043
0.016174
0.278411
0.156692
0.000000
0.000000
0.000000
0.360150
0.296573
0.132959
0.129634
0.028506
0.000000
0.008639
0.011915
0.003252
0.024003
0.004467
0.012369
0.075321
0.547447
0.151869
0.012296
0.001227
0.001227
0.000000
0.000000
0.001412
0.021890
0.376808
0.212071
0.000000
0.000000
0.000000
0.180997
0.036106
0.000731
0.001229
0.000266
0.000100
0.000565
0.000000
0.002657
0.032486
0.006045
0.016741
0.101942
0.740928
0.205544
0.016641
0.001661
0.001661
0.000996
0.000000
0.000000
0.000000
0.346797
0.234309
0.006826
0.001196
0.000465
0.366064
0.073025
0.001478
0.002486
0.000537
0.000202
0.001142
0.000000
0.005374
0.101845
0.029895
0.009304
0.000168
0.000000
0.000000
0.000168
0.012462
0.021632
0.002015
0.000000
0.000000
0.000000
0.701392
0.473887
0.013805
0.002418
0.000941
0.290486
0.207183
0.063485
0.022001
0.010211
0.001478
0.000000
0.000000
0.000000
0.186181
0.054651
0.017009
0.000307
0.000000
0.000000
0.000307
0.022781
0.039545
0.633272
0.066011
0.030273
0.018667
0.006877
0.002763
0.006816
0.008965
0.039177
0.531033
0.378748
0.116056
0.040220
0.018667
0.002702
0.000000
0.000000
0.000000
0.160513
0.038808
0.013816
0.048387
0.140986
0.106845
0.112126
0.176110
0.077678
0.331577
0.034563
0.015851
0.009774
0.003601
0.001447
0.003569
0.004694
0.020513
0.781504
0.348103
0.071698
0.038807
0.055300
0.032762
0.051699
0.059930
0.063467
0.084044
0.020320
0.007234
0.025335
0.073820
0.055943
0.058708
0.092210
0.040672
0.318138
0.000000
0.005530
0.026171
0.021895
0.016108
0.007459
0.039578
0.020223
0.295320
0.131544
0.027094
0.014665
0.020897
0.012380
0.019537
0.022647
0.023983
0.076397
0.201210
0.178696
0.085084
0.007788
0.000000
0.000000
0.002770
0.000146
0.120220
0.000000
0.002090
0.009890
0.008274
0.006087
0.002819
0.014956
0.007642
0.889144
0.031419
0.002333
0.000304
0.000000
0.000073
0.005978
0.016851
0.008444
0.076368
0.201135
0.178630
0.085052
0.007785
0.000000
0.000000
0.002769
0.000146
0.112476
0.194236
0.132211
0.046382
0.034249
0.028565
0.016675
0.131252
0.064612
0.888813
0.031407
0.002332
0.000304
0.000000
0.000073
0.005975
0.016845
0.008441
0.010080
0.022991
0.093979
0.084433
0.110605
0.021424
0.005903
0.007469
0.008805
0.148432
0.256331
0.174477
0.061210
0.045198
0.037697
0.022006
0.173211
0.085267
0.153481
0.030661
0.018784
0.030036
0.058341
0.264713
0.249423
0.157247
0.057876
0.013303
0.030340
0.124022
0.111424
0.145964
0.028273
0.007789
0.009857
0.011620
0.130129
0.690921
0.214803
0.206917
0.086341
0.045727
0.026414
0.049734
0.008222
0.139838
0.027935
0.017115
0.027366
0.053155
0.241182
0.227251
0.143269
0.052731
0.258559
0.047094
0.018487
0.009433
0.003373
0.015318
0.023452
0.057769
0.098102
0.118561
0.629503
0.195708
0.188524
0.078666
0.041662
0.024066
0.045313
0.007491
0.110164
0.075015
0.208924
0.360546
0.213612
0.102074
0.069758
0.107521
0.027410
0.418493
0.076225
0.029923
0.015269
0.005460
0.024794
0.037959
0.093503
0.158784
0.123685
0.107684
0.017750
0.010258
0.006311
0.013472
0.006523
0.007942
0.001985
0.178307
0.121416
0.338155
0.583564
0.345742
0.165213
0.112908
0.174029
0.044364
0.149070
0.106195
0.060838
0.122338
0.082465
0.005105
0.002127
0.011605
0.042875
0.119002
0.103606
0.017078
0.009869
0.006072
0.012962
0.006276
0.007641
0.001910
0.667414
0.549595
0.246394
0.240232
0.052826
0.000000
0.016009
0.022081
0.006026
0.143425
0.102174
0.058534
0.117705
0.079342
0.004912
0.002047
0.011166
0.041251
0.051917
0.000000
0.020785
0.131895
0.128371
0.095078
0.045868
0.018261
0.000000
0.445309
0.366698
0.164398
0.160286
0.035247
0.000000
0.010682
0.014733
0.004021
0.029678
0.005523
0.015294
0.093131
0.676892
0.187779
0.015203
0.001517
0.001517
0.034640
0.000000
0.013868
0.088003
0.085651
0.063438
0.030604
0.012184
0.000000
0.132505
0.179161
0.054546
0.022517
0.000607
0.001593
0.015476
0.105224
0.152943
0.033801
0.006290
0.017419
0.106070
0.770931
0.213867
0.017315
0.001728
0.001728
0.001037
0.000000
0.000000
0.000000
0.360841
0.243798
0.007102
0.001244
0.000484
0.150913
0.204052
0.062124
0.025645
0.000691
0.001814
0.017626
0.119842
0.174191
0.004839
0.006601
0.033387
0.148857
0.140510
0.005755
0.003767
0.005461
0.008882
0.001894
0.000000
0.000000
0.000000
0.659127
0.445331
0.012974
0.002273
0.000884
0.272982
0.194698
0.059659
0.020676
0.009596
0.001389
0.000000
0.000000
0.000000
0.008838
0.012058
0.060985
0.271908
0.256662
0.010511
0.006881
0.009975
0.016225
0.007765
0.001705
0.002367
0.029072
0.323487
0.026642
0.002431
0.000473
0.000000
0.512939
0.365843
0.112102
0.038850
0.018031
0.002610
0.000000
0.000000
0.000000
0.155044
0.037486
0.013345
0.046739
0.136183
0.103205
0.108306
0.170110
0.075031
0.014591
0.003203
0.004448
0.054627
0.607840
0.050060
0.004567
0.000890
0.000000
0.323256
0.071176
0.001424
0.005635
0.002669
0.004033
0.011388
0.012930
0.014354
0.198780
0.048060
0.017110
0.059923
0.174597
0.132317
0.138857
0.218095
0.096196
0.752457
0.000000
0.013080
0.061900
0.051786
0.038098
0.017642
0.093610
0.047832
0.414441
0.091253
0.001825
0.007224
0.003422
0.005171
0.014600
0.016578
0.018403
0.134142
0.000000
0.001141
0.000380
0.006007
0.108591
0.115967
0.131176
0.054980
0.131923
0.000000
0.002293
0.010852
0.009079
0.006679
0.003093
0.016412
0.008386
0.975698
0.034477
0.002560
0.000333
0.000000
0.000080
0.006559
0.018492
0.009266
0.023518
0.000000
0.000200
0.000067
0.001053
0.019039
0.020332
0.022998
0.009639
0.152415
0.018559
0.007279
0.042277
0.022252
0.006120
0.008679
0.009186
0.016879
0.643218
0.022729
0.001688
0.000220
0.000000
0.000053
0.004324
0.012191
0.006108
0.007295
0.016638
0.068011
0.061102
0.080043
0.015504
0.004272
0.005405
0.006372
0.100478
0.012235
0.004799
0.027870
0.014669
0.004034
0.005722
0.006056
0.011127
0.747141
0.020549
0.003103
0.000000
0.000000
0.000000
0.000000
0.000000
0.000000
0.008265
0.018851
0.077057
0.069230
0.090690
0.017566
0.004840
0.006124
0.007220
0.080851
0.429279
0.133460
0.128561
0.053645
0.028411
0.016411
0.030900
0.005109
0.846519
0.023282
0.003515
0.000000
0.000000
0.000000
0.000000
0.000000
0.000000
0.100917
0.004411
0.000717
0.000000
0.001046
0.027674
0.068562
0.097202
0.088529
0.114317
0.606968
0.188702
0.181775
0.075850
0.040171
0.023204
0.043691
0.007223
0.106221
0.072330
0.201445
0.347639
0.205965
0.098420
0.067261
0.103672
0.026428
0.142688
0.006238
0.001014
0.000000
0.001478
0.039129
0.096942
0.137437
0.125173
0.195926
0.100786
0.035989
0.013897
0.023598
0.254372
0.280562
0.154741
0.100673
0.117353
0.079910
0.222557
0.384074
0.227551
0.108735
0.074310
0.114538
0.029198
0.098111
0.069892
0.040041
0.080517
0.054274
0.003360
0.001400
0.007638
0.028218
0.216460
0.111349
0.039761
0.015354
0.026072
0.281032
0.309966
0.170959
0.111224
0.085962
0.327342
0.489838
0.057572
0.007280
0.001120
0.105749
0.147329
0.064386
0.142567
0.101563
0.058184
0.117001
0.078867
0.004883
0.002034
0.011099
0.041005
0.051606
0.000000
0.020661
0.131107
0.127603
0.094510
0.045594
0.018152
0.000000
0.124913
0.475669
0.711797
0.083660
0.010579
0.001628
0.153666
0.214088
0.093560
0.051765
0.132644
0.163951
0.122268
0.017880
0.000814
0.007233
0.004611
0.000000
0.091116
0.000000
0.036478
0.231482
0.225296
0.166867
0.080500
0.032048
0.000000
0.348541
0.471266
0.143479
0.059228
0.001596
0.004191
0.040709
0.276781
0.402301
0.091396
0.234196
0.289473
0.215877
0.031569
0.001437
0.012771
0.008142
0.000000
0.108956
0.021472
0.000000
0.057312
0.121768
0.042226
0.059347
0.058669
0.094110
0.327186
0.442392
0.134688
0.055599
0.001499
0.003934
0.038215
0.259823
0.377652
0.010490
0.014312
0.072383
0.322728
0.304632
0.012476
0.008167
0.011839
0.019257
0.102281
0.020156
0.000000
0.053800
0.114307
0.039638
0.055711
0.055074
0.088344
0.431939
0.068112
0.021355
0.033869
0.026376
0.076729
0.055262
0.090704
0.090217
0.013298
0.018142
0.091755
0.409098
0.386160
0.015815
0.010353
0.015008
0.024411
0.011683
0.002565
0.003562
0.043740
0.486701
0.040083
0.003657
0.000712
0.000000
0.547538
0.086341
0.027071
0.042933
0.033435
0.097264
0.070051
0.114979
0.114361
0.054141
0.001330
0.018332
0.155537
0.229150
0.035429
0.000712
0.002707
0.001330
0.018324
0.004022
0.005587
0.068605
0.763370
0.062869
0.005736
0.001117
0.000000
0.405969
0.089388
0.001788
0.007077
0.003352
0.005065
0.014302
0.016239
0.018027
0.084918
0.002086
0.028753
0.243954
0.359413
0.055569
0.001117
0.004246
0.002086
0.005959
0.000000
0.003129
0.128048
0.134975
0.000521
0.000000
0.000000
0.000000
0.686525
0.151161
0.003023
0.011967
0.005669
0.008566
0.024186
0.027461
0.030484
0.222207
0.000000
0.001890
0.000630
0.009951
0.179882
0.192101
0.217294
0.091075
0.010077
0.000000
0.005291
0.216539
0.228254
0.000882
0.000000
0.000000
0.000000
0.465451
0.114379
0.000000
0.011967
0.005669
0.000000
0.001890
0.005669
0.000000
0.123233
0.000000
0.001048
0.000349
0.005519
0.099760
0.106537
0.120509
0.050509
0.798642
0.097245
0.038144
0.221527
0.116597
0.032066
0.045479
0.048134
0.088443
0.258133
0.063433
0.000000
0.006637
0.003144
0.000000
0.001048
0.003144
0.000000
0.284680
0.261487
0.039820
0.000699
0.000000
0.000559
0.002934
0.005030
0.001257
0.131922
0.016063
0.006301
0.036592
0.019260
0.005297
0.007512
0.007951
0.014609
0.980955
0.026980
0.004074
0.000000
0.000000
0.000000
0.000000
0.000000
0.000000
0.047024
0.043193
0.006578
0.000115
0.000000
0.000092
0.000485
0.000831
0.000208
0.107885
0.026541
0.020864
0.014332
0.002804
0.004858
0.003762
0.004789
0.005978
0.693839
0.019083
0.002881
0.000000
0.000000
0.000000
0.000000
0.000000
0.000000
0.082715
0.003616
0.000588
0.000000
0.000857
0.022683
0.056196
0.079671
0.072561
0.076308
0.018773
0.014757
0.010137
0.001983
0.003436
0.002661
0.003387
0.004228
0.699446
0.017345
0.000294
0.000000
0.000000
0.000000
0.000000
0.000000
0.000000
0.100295
0.004384
0.000713
0.000000
0.001039
0.027503
0.068140
0.096603
0.087983
0.137715
0.070842
0.025296
0.009768
0.016587
0.178797
0.197205
0.108766
0.070763
0.848101
0.021031
0.000356
0.000000
0.000000
0.000000
0.000000
0.000000
0.000000
0.353476
0.009382
0.009907
0.000990
0.000000
0.000633
0.002039
0.027058
0.095762
0.198115
0.101912
0.036391
0.014052
0.023862
0.257215
0.283697
0.156470
0.101798
0.078677
0.299600
0.448325
0.052693
0.006663
0.001025
0.096787
0.134844
0.058929
0.508507
0.013497
0.014252
0.001424
0.000000
0.000911
0.002933
0.038925
0.137762
0.149537
0.118058
0.064439
0.069479
0.144753
0.159432
0.203098
0.133078
0.076897
0.100509
0.382739
0.572735
0.067315
0.008512
0.001310
0.123645
0.172262
0.075282
0.041651
0.106730
0.131921
0.098381
0.014387
0.000655
0.005820
0.003710
0.000000
0.191033
0.150818
0.082321
0.088759
0.184922
0.203674
0.259458
0.170007
0.098236
0.107257
0.087195
0.143106
0.289214
0.182721
0.034540
0.041124
0.048781
0.048563
0.038833
0.099509
0.122995
0.091725
0.013414
0.000610
0.005427
0.003459
0.000000
0.046295
0.009123
0.000000
0.024351
0.051738
0.017941
0.025216
0.024928
0.039987
0.100000
0.081296
0.133424
0.269646
0.170358
0.032203
0.038342
0.045481
0.045277
0.769190
0.415636
0.179075
0.124810
0.036086
0.002035
0.002883
0.004036
0.001221
0.048319
0.009522
0.000000
0.025416
0.054000
0.018726
0.026319
0.026018
0.041735
0.204054
0.032177
0.010089
0.016000
0.012460
0.036248
0.026106
0.042850
0.042620
0.802817
0.433807
0.186903
0.130266
0.037664
0.002124
0.003009
0.004212
0.001274
0.119133
0.201558
0.005381
0.000000
0.000425
0.008496
0.011611
0.020602
0.013381
0.552784
0.087168
0.027330
0.043344
0.033755
0.098196
0.070722
0.116080
0.115457
0.054660
0.001343
0.018508
0.157027
0.231346
0.035769
0.000719
0.002733
0.001343
0.322733
0.546024
0.014576
0.000000
0.001151
0.023015
0.031453
0.055811
0.036248
0.289793
0.134013
0.093497
0.145856
0.116320
0.043200
0.028097
0.034330
0.032221
0.092855
0.002281
0.031440
0.266755
0.393006
0.060763
0.001222
0.004643
0.002281
0.006516
0.000000
0.003421
0.140016
0.147591
0.000570
0.000000
0.000000
0.000000
0.492296
0.227658
0.158831
0.247777
0.197602
0.073388
0.047731
0.058320
0.054736
0.065487
0.010344
0.104829
0.341202
0.388607
0.051722
0.009530
0.009856
0.003991
0.009649
0.000000
0.005066
0.207327
0.218544
0.000844
0.000000
0.000000
0.000000
0.445651
0.109513
0.000000
0.011458
0.005427
0.000000
0.001809
0.005427
0.000000
0.096970
0.015317
0.155224
0.505232
0.575427
0.076587
0.014111
0.014594
0.005910
0.142319
0.000000
0.026534
0.100709
0.193095
0.048726
0.029549
0.014111
0.009408
0.434443
0.106759
0.000000
0.011170
0.005291
0.000000
0.001764
0.005291
0.000000
0.479122
0.440087
0.067018
0.001176
0.000000
0.000941
0.004938
0.008465
0.002116
0.138740
0.000000
0.025867
0.098176
0.188239
0.047501
0.028806
0.013756
0.009171
0.542613
0.094766
0.008113
0.001764
0.000000
0.000000
0.000588
0.003175
0.003292
0.325831
0.299285
0.045576
0.000800
0.000000
0.000640
0.003358
0.005757
0.001439
0.747533
0.183905
0.144565
0.099309
0.019430
0.033663
0.026067
0.033183
0.041419
0.369009
0.064447
0.005517
0.001199
0.000000
0.000000
0.000400
0.002159
0.002239
0.170552
0.000000
0.001199
0.000400
0.000000
0.014393
0.017271
0.039580
0.047096
0.106700
0.026250
0.020635
0.014175
0.002773
0.004805
0.003721
0.004736
0.005912
0.978028
0.024253
0.000411
0.000000
0.000000
0.000000
0.000000
0.000000
0.000000
0.024344
0.000000
0.000171
0.000057
0.000000
0.002054
0.002465
0.005649
0.006722
0.170123
0.018774
0.005159
0.001438
0.000160
0.001096
0.002728
0.006289
0.004268
0.714360
0.017714
0.000300
0.000000
0.000000
0.000000
0.000000
0.000000
0.000000
0.297735
0.007903
0.008345
0.000834
0.000000
0.000534
0.001717
0.022791
0.080661
0.124259
0.013713
0.003768
0.001050
0.000117
0.000800
0.001992
0.004593
0.003118
0.613117
0.043556
0.008578
0.002634
0.000000
0.000000
0.000000
0.000000
0.000000
0.382259
0.010146
0.010713
0.001070
0.000000
0.000685
0.002205
0.029261
0.103560
0.112411
0.088747
0.048441
0.052229
0.108815
0.119849
0.152674
0.100038
0.057805
0.787175
0.055922
0.011013
0.003382
0.000000
0.000000
0.000000
0.000000
0.000000
0.122621
0.083310
0.123456
0.171447
0.083503
0.015069
0.004121
0.134619
0.196898
0.152656
0.120520
0.065783
0.070929
0.147773
0.162758
0.207335
0.135854
0.078501
0.085710
0.069679
0.114358
0.231114
0.146014
0.027601
0.032863
0.038982
0.038807
0.166522
0.113137
0.167656
0.232829
0.113399
0.020465
0.005596
0.182816
0.267392
0.301912
0.492314
0.092236
0.025232
0.005857
0.077280
0.123674
0.330676
0.132686
0.075044
0.061007
0.100126
0.202352
0.127843
0.024166
0.028773
0.034130
0.033978
0.577227
0.311908
0.134384
0.093661
0.027080
0.001527
0.002163
0.003029
0.000916
0.264339
0.431046
0.080758
0.022092
0.005128
0.067663
0.108283
0.289523
0.116173
0.150266
0.100266
0.081317
0.008857
0.009417
0.023212
0.093089
0.183403
0.054326
0.612736
0.331096
0.142651
0.099423
0.028746
0.001621
0.002296
0.003215
0.000973
0.090926
0.153836
0.004107
0.000000
0.000324
0.006484
0.008862
0.015724
0.010213
0.159510
0.106434
0.086320
0.009402
0.009996
0.024640
0.098815
0.194686
0.057668
0.503506
0.042390
0.004134
0.002215
0.002567
0.000000
0.020749
0.131155
0.287125
0.127941
0.216461
0.005778
0.000000
0.000456
0.009124
0.012469
0.022125
0.014370
0.114883
0.053127
0.037065
0.057822
0.046113
0.017126
0.011139
0.013610
0.012773
0.708477
0.059646
0.005816
0.003117
0.003611
0.000000
0.029196
0.184547
0.404010
0.163296
0.425831
0.022163
0.000000
0.000000
0.000000
0.000000
0.000000
0.000000
0.224679
0.103901
0.072489
0.113083
0.090184
0.033494
0.021784
0.026616
0.024981
0.029888
0.004721
0.047843
0.155721
0.177356
0.023605
0.004349
0.004498
0.001822
0.319361
0.832806
0.043345
0.000000
0.000000
0.000000
0.000000
0.000000
0.000000
0.157283
0.083307
0.050779
0.081931
0.073976
0.031895
0.041337
0.049999
0.031746
0.056065
0.008856
0.089746
0.292110
0.332694
0.044280
0.008159
0.008438
0.003417
0.082285
0.000000
0.015341
0.058227
0.111642
0.028172
0.017084
0.008159
0.005439
0.295039
0.156271
0.095255
0.153691
0.138768
0.059831
0.077543
0.093790
0.059552
0.160036
0.151599
0.213661
0.504725
0.449497
0.129842
0.075730
0.086259
0.011366
0.090691
0.000000
0.016908
0.064175
0.123047
0.031050
0.018830
0.008992
0.005995
0.354693
0.061946
0.005303
0.001153
0.000000
0.000000
0.000384
0.002075
0.002152
0.176386
0.167086
0.235489
0.556288
0.495417
0.143107
0.083466
0.095072
0.012528
0.055490
0.020598
0.130964
0.304506
0.113748
0.054030
0.065636
0.039120
0.003997
0.637476
0.111334
0.009531
0.002072
0.000000
0.000000
0.000691
0.003730
0.003868
0.294634
0.000000
0.002072
0.000691
0.000000
0.024864
0.029836
0.068375
0.081359
0.099731
0.037019
0.235376
0.547277
0.204434
0.097106
0.117964
0.070309
0.007183
0.191036
0.087437
0.008150
0.010084
0.005802
0.006078
0.013951
0.022239
0.007459
0.128678
0.000000
0.000905
0.000302
0.000000
0.010859
0.013031
0.029862
0.035533
0.899234
0.099238
0.027268
0.007601
0.000845
0.005791
0.014418
0.033240
0.022562
0.083432
0.038187
0.003559
0.004404
0.002534
0.002654
0.006093
0.009713
0.003258
0.387903
0.024131
0.010557
0.006817
0.002534
0.002956
0.006093
0.001810
0.000000
0.192119
0.021202
0.005826
0.001624
0.000180
0.001237
0.003080
0.007102
0.004820
0.947953
0.067344
0.013263
0.004073
0.000000
0.000000
0.000000
0.000000
0.000000
0.082875
0.005155
0.002256
0.001456
0.000541
0.000632
0.001302
0.000387
0.000000
0.228169
0.013185
0.001160
0.000825
0.000077
0.000567
0.001366
0.004099
0.004021
0.670839
0.047657
0.009385
0.002882
0.000000
0.000000
0.000000
0.000000
0.000000
0.104499
0.070998
0.105211
0.146109
0.071162
0.012842
0.003512
0.114724
0.167799
0.161469
0.009331
0.000821
0.000584
0.000055
0.000401
0.000967
0.002900
0.002846
0.651722
0.041838
0.000000
0.000000
0.000000
0.000000
0.000000
0.000000
0.000000
0.123181
0.083690
0.124019
0.172229
0.083884
0.015138
0.004139
0.135233
0.197797
0.223332
0.364177
0.068229
0.018665
0.004333
0.057166
0.091485
0.244609
0.098151
0.768232
0.049317
0.000000
0.000000
0.000000
0.000000
0.000000
0.000000
0.000000
0.015095
0.017719
0.018632
0.047393
0.059488
0.012235
0.002258
0.003763
0.000516
0.283958
0.463038
0.086751
0.023732
0.005509
0.072685
0.116320
0.311011
0.124795
0.161418
0.107708
0.087353
0.009514
0.010116
0.024934
0.099998
0.197015
0.058358
0.019193
0.022529
0.023690
0.060258
0.075637
0.015557
0.002871
0.004785
0.000656
0.495573
0.322535
0.305543
0.042966
0.018920
0.097346
0.015065
0.012618
0.036062
0.155337
0.103650
0.084062
0.009156
0.009735
0.023995
0.096230
0.189593
0.056160
0.490335
0.041281
0.004025
0.002157
0.002499
0.000000
0.020206
0.127724
0.279614
0.476903
0.310384
0.294032
0.041347
0.018207
0.093678
0.014497
0.012142
0.034703
0.239938
0.032151
0.040794
0.072209
0.031994
0.028639
0.048214
0.196171
0.202827
0.589051
0.049592
0.004836
0.002592
0.003003
0.000000
0.024274
0.153438
0.335907
0.135769
0.354050
0.018427
0.000000
0.000000
0.000000
0.000000
0.000000
0.000000
0.288243
0.038624
0.049007
0.086746
0.038435
0.034405
0.057921
0.235665
0.243661
0.171517
0.032666
0.001596
0.003366
0.003366
0.003587
0.008708
0.305691
0.173082
0.199071
0.519124
0.027019
0.000000
0.000000
0.000000
0.000000
0.000000
0.000000
0.098041
0.051929
0.031653
0.051071
0.046112
0.019882
0.025767
0.031166
0.019789
0.251486
0.047897
0.002340
0.004936
0.004936
0.005260
0.012768
0.448217
0.253780
0.459965
0.356317
0.008203
0.000000
0.000000
0.000000
0.000000
0.000000
0.000000
0.134327
0.071148
0.043368
0.069973
0.063179
0.027240
0.035304
0.042701
0.027113
0.072862
0.069021
0.097277
0.229794
0.204649
0.059115
0.034479
0.039273
0.005175
0.630202
0.488192
0.011239
0.000000
0.000000
0.000000
0.000000
0.000000
0.000000
0.419235
0.090959
0.072481
0.064385
0.048924
0.027240
0.025526
0.058798
0.069402
0.085700
0.081182
0.114416
0.270282
0.240707
0.069531
0.040553
0.046192
0.006087
0.026961
0.010008
0.063631
0.147949
0.055266
0.026251
0.031890
0.019007
0.001942
0.493102
0.106985
0.085252
0.075730
0.057544
0.032039
0.030023
0.069158
0.081630
0.112064
0.069232
0.094102
0.049067
0.021397
0.092758
0.514611
0.418754
0.198249
0.028594
0.010614
0.067486
0.156912
0.058614
0.027842
0.033822
0.020159
0.002059
0.054773
0.025069
0.002337
0.002891
0.001663
0.001743
0.004000
0.006376
0.002139
0.118852
0.073426
0.099803
0.052040
0.022693
0.098377
0.545785
0.444121
0.210259
0.251922
0.497389
0.176397
0.106575
0.084951
0.127288
0.044198
0.000000
0.000000
0.081321
0.037221
0.003469
0.004292
0.002470
0.002587
0.005939
0.009467
0.003175
0.378085
0.023520
0.010290
0.006644
0.002470
0.002881
0.005939
0.001764
0.000000
0.374028
0.738472
0.261896
0.158231
0.126126
0.188984
0.065621
0.000000
0.000000
0.108898
0.020639
0.005645
0.006821
0.008467
0.002764
0.009878
0.016288
0.022814
0.316044
0.019661
0.008601
0.005554
0.002064
0.002408
0.004964
0.001475
0.000000
0.870127
0.050282
0.004424
0.003146
0.000295
0.002163
0.005210
0.015630
0.015335
0.091028
0.017252
0.004719
0.005702
0.007078
0.002310
0.008257
0.013615
0.019071
0.354529
0.065666
0.003981
0.002310
0.000393
0.002212
0.005652
0.004227
0.002654
0.230822
0.013338
0.001173
0.000834
0.000078
0.000574
0.001382
0.004146
0.004068
0.931647
0.059808
0.000000
0.000000
0.000000
0.000000
0.000000
0.000000
0.000000
0.094047
0.017420
0.001056
0.000613
0.000104
0.000587
0.001499
0.001121
0.000704
0.256026
0.014538
0.002516
0.001108
0.000469
0.000939
0.002725
0.003859
0.003951
0.704989
0.045258
0.000000
0.000000
0.000000
0.000000
0.000000
0.000000
0.000000
0.013853
0.016260
0.017099
0.043491
0.054591
0.011228
0.002072
0.003453
0.000474
0.193738
0.011001
0.001904
0.000839
0.000355
0.000710
0.002062
0.002920
0.002990
0.673032
0.067270
0.000000
0.000000
0.000000
0.000000
0.000000
0.000000
0.000000
0.016536
0.019410
0.020411
0.051917
0.065167
0.013403
0.002473
0.004122
0.000565
0.426971
0.277887
0.263247
0.037018
0.016301
0.083870
0.012979
0.010871
0.031070
0.803415
0.080301
0.000000
0.000000
0.000000
0.000000
0.000000
0.000000
0.000000
0.015429
0.020329
0.015123
0.013910
0.006713
0.000000
0.000059
0.000318
0.000330
0.598626
0.389606
0.369080
0.051900
0.022854
0.117589
0.018197
0.015241
0.043561
0.301179
0.040358
0.051207
0.090639
0.040159
0.035949
0.060520
0.246241
0.254596
0.021632
0.028501
0.021203
0.019502
0.009412
0.000000
0.000083
0.000446
0.000462
0.194737
0.137388
0.198089
0.026388
0.000000
0.000000
0.000000
0.000000
0.000000
0.325004
0.043550
0.055257
0.097809
0.043336
0.038792
0.065307
0.265720
0.274736
0.193392
0.036832
0.001800
0.003795
0.003795
0.004045
0.009818
0.344676
0.195156
0.210142
0.148256
0.213759
0.028475
0.000000
0.000000
0.000000
0.000000
0.000000
0.586073
0.054438
0.093034
0.143765
0.081220
0.066572
0.082521
0.124057
0.093230
0.208338
0.039679
0.001939
0.004089
0.004089
0.004358
0.010577
0.371314
0.210238
0.381047
0.295182
0.006795
0.000000
0.000000
0.000000
0.000000
0.000000
0.000000
0.631367
0.058645
0.100224
0.154876
0.087497
0.071717
0.088898
0.133645
0.100435
0.233907
0.023880
0.000499
0.005183
0.001881
0.001996
0.005221
0.013188
0.011844
0.521592
0.404056
0.009302
0.000000
0.000000
0.000000
0.000000
0.000000
0.000000
0.346984
0.075283
0.059990
0.053289
0.040492
0.022545
0.021126
0.048664
0.057441
0.320181
0.032688
0.000683
0.007095
0.002575
0.002733
0.007147
0.018052
0.016213
0.524561
0.209057
0.025751
0.002496
0.000000
0.000000
0.000000
0.000000
0.000000
0.319990
0.069426
0.055323
0.049143
0.037342
0.020791
0.019483
0.044879
0.052972
0.072722
0.044927
0.061066
0.031841
0.013885
0.060193
0.333948
0.271743
0.128650
0.483753
0.192794
0.023748
0.002302
0.000000
0.000000
0.000000
0.000000
0.000000
0.575909
0.236921
0.008748
0.002447
0.000582
0.000000
0.002060
0.039717
0.035767
0.071855
0.044392
0.060338
0.031462
0.013720
0.059476
0.329969
0.268506
0.127118
0.152306
0.300710
0.106646
0.064433
0.051359
0.076955
0.026721
0.000000
0.000000
0.569048
0.234098
0.008644
0.002418
0.000575
0.000000
0.002035
0.039244
0.035341
0.433334
0.252487
0.099462
0.033162
0.017838
0.060123
0.005603
0.027464
0.014917
0.189008
0.373172
0.132344
0.079959
0.063735
0.095499
0.033160
0.000000
0.000000
0.055029
0.010429
0.002852
0.003447
0.004279
0.001397
0.004992
0.008231
0.011529
0.537755
0.313329
0.123430
0.041153
0.022137
0.074611
0.006953
0.034081
0.018512
0.584643
0.018957
0.000000
0.000000
0.000000
0.000000
0.017323
0.105394
0.134008
0.084419
0.016000
0.004376
0.005288
0.006564
0.002142
0.007658
0.012626
0.017686
0.328788
0.060899
0.003692
0.002142
0.000365
0.002051
0.005242
0.003920
0.002461
0.896886
0.029082
0.000000
0.000000
0.000000
0.000000
0.026575
0.161682
0.205578
0.064089
0.012626
0.017914
0.009755
0.000729
0.000000
0.002051
0.029310
0.014222
0.331205
0.061346
0.003719
0.002158
0.000367
0.002066
0.005281
0.003949
0.002480
0.901641
0.051198
0.008862
0.003903
0.001653
0.003306
0.009597
0.013592
0.013913
0.064560
0.012719
0.018046
0.009826
0.000735
0.000000
0.002066
0.029525
0.014326
0.216227
0.126412
0.006888
0.001469
0.001010
0.026954
0.027780
0.013041
0.005051
0.262042
0.014880
0.002576
0.001134
0.000480
0.000961
0.002789
0.003950
0.004044
0.910316
0.090986
0.000000
0.000000
0.000000
0.000000
0.000000
0.000000
0.000000
0.062842
0.036739
0.002002
0.000427
0.000294
0.007834
0.008074
0.003790
0.001468
0.296072
0.029919
0.003109
0.003470
0.001134
0.000000
0.001375
0.006886
0.006152
0.712823
0.071247
0.000000
0.000000
0.000000
0.000000
0.000000
0.000000
0.000000
0.013689
0.018036
0.013418
0.012341
0.005956
0.000000
0.000052
0.000282
0.000293
0.231840
0.023428
0.002435
0.002717
0.000888
0.000000
0.001076
0.005392
0.004817
0.652267
0.078154
0.000000
0.000000
0.000000
0.000000
0.000000
0.000000
0.000000
0.019917
0.026241
0.019521
0.017955
0.008666
0.000000
0.000076
0.000410
0.000426
0.179296
0.126494
0.182382
0.024295
0.000000
0.000000
0.000000
0.000000
0.000000
0.948992
0.113708
0.000000
0.000000
0.000000
0.000000
0.000000
0.000000
0.000000
0.042509
0.023976
0.011327
0.002858
0.001216
0.002098
0.003375
0.007419
0.005352
0.248640
0.175416
0.252920
0.033692
0.000000
0.000000
0.000000
0.000000
0.000000
0.693443
0.064411
0.110078
0.170103
0.096100
0.078769
0.097639
0.146785
0.110310
0.058950
0.033249
0.015707
0.003964
0.001687
0.002910
0.004681
0.010289
0.007421
0.499515
0.054754
0.000000
0.000000
0.000000
0.000000
0.000211
0.000886
0.000590
0.550279
0.051113
0.087352
0.134985
0.076259
0.062507
0.077481
0.116481
0.087536
0.203866
0.020813
0.000435
0.004517
0.001640
0.001740
0.004551
0.011494
0.010323
0.396389
0.043450
0.000000
0.000000
0.000000
0.000000
0.000167
0.000703
0.000468
0.639857
0.143434
0.007830
0.000669
0.000000
0.000000
0.000000
0.005939
0.019826
0.255316
0.026066
0.000545
0.005657
0.002053
0.002179
0.005699
0.014395
0.012928
0.418290
0.166704
0.020534
0.001991
0.000000
0.000000
0.000000
0.000000
0.000000
0.801337
0.179632
0.009806
0.000838
0.000000
0.000000
0.000000
0.007438
0.024830
0.168506
0.162053
0.024369
0.004191
0.000377
0.001341
0.002431
0.005762
0.004295
0.507547
0.202276
0.024916
0.002415
0.000000
0.000000
0.000000
0.000000
0.000000
0.604236
0.248574
0.009178
0.002568
0.000610
0.000000
0.002161
0.041671
0.037526
0.204463
0.196632
0.029569
0.005085
0.000458
0.001627
0.002949
0.006992
0.005212
0.425121
0.091223
0.008212
0.002949
0.001780
0.000000
0.000636
0.004144
0.010983
0.567457
0.233444
0.008620
0.002412
0.000573
0.000000
0.002030
0.039134
0.035242
0.432123
0.251781
0.099184
0.033069
0.017788
0.059955
0.005587
0.027387
0.014875
0.399245
0.085670
0.007712
0.002770
0.001671
0.000000
0.000597
0.003892
0.010315
0.354070
0.221482
0.052505
0.010936
0.022850
0.015066
0.036436
0.078340
0.047252
0.418144
0.243636
0.095976
0.032000
0.017213
0.058015
0.005406
0.026501
0.014394
0.454603
0.014741
0.000000
0.000000
0.000000
0.000000
0.013470
0.081951
0.104201
0.342616
0.214317
0.050807
0.010582
0.022111
0.014579
0.035257
0.075806
0.045724
0.544618
0.227602
0.013539
0.021071
0.003466
0.000000
0.003443
0.036436
0.011876
0.502398
0.016290
0.000000
0.000000
0.000000
0.000000
0.014886
0.090567
0.115156
0.035900
0.007073
0.010035
0.005464
0.000409
0.000000
0.001149
0.016418
0.007966
0.601877
0.251531
0.014963
0.023287
0.003830
0.000000
0.003804
0.040266
0.013124
0.542843
0.032428
0.000000
0.000000
0.000000
0.000000
0.000000
0.000000
0.000000
0.063128
0.012437
0.017645
0.009608
0.000718
0.000000
0.002020
0.028870
0.014008
0.211429
0.123607
0.006735
0.001437
0.000988
0.026356
0.027164
0.012751
0.004939
0.954553
0.057022
0.000000
0.000000
0.000000
0.000000
0.000000
0.000000
0.000000
0.125403
0.043283
0.000000
0.001976
0.004310
0.000359
0.001437
0.013470
0.023347
0.201921
0.118048
0.006432
0.001372
0.000943
0.025170
0.025942
0.012178
0.004717
0.951332
0.096137
0.009991
0.011149
0.003645
0.000000
0.004417
0.022126
0.019768
0.119763
0.041336
0.000000
0.001887
0.004116
0.000343
0.001372
0.012864
0.022298
0.094207
0.022855
0.002316
0.001801
0.000943
0.012521
0.025256
0.032374
0.019296
0.311882
0.031517
0.003275
0.003655
0.001195
0.000000
0.001448
0.007254
0.006481
0.877462
0.105137
0.000000
0.000000
0.000000
0.000000
0.000000
0.000000
0.000000
0.030885
0.007493
0.000759
0.000590
0.000309
0.004105
0.008280
0.010613
0.006326
0.345381
0.008519
0.001378
0.000281
0.000000
0.000000
0.000000
0.000801
0.002854
0.725957
0.086984
0.000000
0.000000
0.000000
0.000000
0.000000
0.000000
0.000000
0.032519
0.018341
0.008665
0.002187
0.000930
0.001605
0.002582
0.005676
0.004094
0.285747
0.007048
0.001140
0.000233
0.000000
0.000000
0.000000
0.000663
0.002361
0.617562
0.026564
0.007490
0.000372
0.000000
0.000000
0.000814
0.000872
0.005757
0.047780
0.026949
0.012731
0.003213
0.001367
0.002358
0.003794
0.008339
0.006015
0.404868
0.044380
0.000000
0.000000
0.000000
0.000000
0.000171
0.000718
0.000478
0.907399
0.039031
0.011005
0.000547
0.000000
0.000000
0.001196
0.001282
0.008459
0.030350
0.026471
0.032520
0.029957
0.043970
0.012065
0.006870
0.002700
0.000000
