0.046952
0.000000
0.000000
0.051647
0.249949
0.296901
0.143755
0.011738
0.000000
0.099427
0.011600
0.432647
0.331839
0.189602
0.380724
0.273701
0.024304
0.001657
0.024719
0.043361
0.064075
0.225645
0.202997
0.012705
0.051371
0.169441
0.002900
0.055237
0.001381
0.048471
0.183388
0.211145
0.099013
0.118070
0.149279
0.009528
0.061457
0.007170
0.267425
0.205114
0.117196
0.235330
0.169178
0.015023
0.001024
0.032180
0.043191
0.030643
0.071700
0.136828
0.055994
0.041740
0.044813
0.000000
0.034143
0.000854
0.029960
0.113355
0.130511
0.061201
0.072981
0.092271
0.005890
0.032436
0.002049
0.116940
0.258377
0.493793
0.514108
0.332894
0.004353
0.000000
0.019110
0.025649
0.018198
0.042579
0.081255
0.033252
0.024787
0.026612
0.000000
0.071117
0.054897
0.031174
0.035483
0.005170
0.000912
0.012013
0.028994
0.046178
0.019262
0.001217
0.069445
0.153437
0.293239
0.305303
0.197689
0.002585
0.000000
0.114558
0.000000
0.011304
0.234287
0.574515
0.571879
0.045570
0.000000
0.000000
0.062823
0.048494
0.027538
0.031345
0.004567
0.000806
0.010612
0.025613
0.040793
0.037703
0.009851
0.017374
0.044778
0.050017
0.033360
0.024762
0.002284
0.000000
0.101198
0.000000
0.009985
0.206963
0.507513
0.505184
0.040255
0.000000
0.000000
0.009000
0.007254
0.060943
0.332476
0.438823
0.314968
0.081541
0.030494
0.011642
0.048145
0.012579
0.022186
0.057179
0.063869
0.042599
0.031620
0.002916
0.000000
0.028475
0.007548
0.019155
0.062211
0.082110
0.048660
0.025502
0.034422
0.017840
0.011493
0.009263
0.077821
0.424557
0.560358
0.402200
0.104124
0.038939
0.014867
0.119676
0.057637
0.052834
0.285325
0.220083
0.302365
0.211964
0.087484
0.036538
0.038328
0.010159
0.025783
0.083736
0.110520
0.065496
0.034326
0.046332
0.024013
0.038559
0.039867
0.079042
0.171398
0.366347
0.168319
0.051720
0.023089
0.020626
0.161085
0.077579
0.071114
0.384048
0.296233
0.406984
0.285304
0.117754
0.049180
0.051720
0.026399
0.068344
0.163009
0.274452
0.309394
0.096358
0.108750
0.055722
0.047328
0.048934
0.097017
0.210377
0.449662
0.206599
0.063482
0.028340
0.025317
0.083603
0.037692
0.047611
0.160971
0.078691
0.098056
0.119028
0.021538
0.004629
0.063482
0.032402
0.083886
0.200081
0.336868
0.379756
0.118272
0.133481
0.068394
0.200647
0.166261
0.255060
0.201686
0.143967
0.223792
0.140661
0.086248
0.079352
0.051692
0.023305
0.029438
0.099530
0.048655
0.060629
0.073596
0.013317
0.002862
0.129552
0.054438
0.013609
0.038200
0.018633
0.008761
0.000000
0.026459
0.028445
0.124061
0.102800
0.157705
0.124704
0.089016
0.138372
0.086972
0.053328
0.049064
0.069799
0.021261
0.013201
0.024824
0.242224
0.878535
0.087439
0.018224
0.013668
0.086228
0.036233
0.009058
0.025425
0.012402
0.005831
0.000000
0.017611
0.018933
0.067723
0.000000
0.000311
0.003110
0.035611
0.123549
0.069822
0.008864
0.009097
0.046457
0.014151
0.008786
0.016522
0.161221
0.584741
0.058198
0.012129
0.009097
0.063330
0.027563
0.021304
0.053999
0.420254
0.630070
0.073127
0.042453
0.019244
0.070701
0.000000
0.000325
0.003247
0.037177
0.128983
0.072893
0.009254
0.009497
0.000000
0.008036
0.060474
0.112871
0.039125
0.014571
0.027518
0.006088
0.000000
0.066115
0.028776
0.022241
0.056374
0.438739
0.657783
0.076343
0.044320
0.020090
0.078210
0.011405
0.011445
0.211171
0.436141
0.248876
0.042900
0.053777
0.048825
0.000000
0.011712
0.088138
0.164504
0.057023
0.021236
0.040106
0.008873
0.000000
0.010588
0.018574
0.027447
0.096656
0.086955
0.005442
0.022005
0.072580
0.001242
0.113987
0.016622
0.016681
0.307772
0.635656
0.362725
0.062525
0.078377
0.071161
0.067316
0.033126
0.045548
0.362962
0.335219
0.152023
0.038390
0.016740
0.007039
0.017464
0.030635
0.045269
0.159419
0.143418
0.008976
0.036294
0.119710
0.002049
0.039025
0.000976
0.034245
0.129564
0.149174
0.069953
0.083417
0.105466
0.006732
0.111027
0.054636
0.075124
0.598649
0.552892
0.250738
0.063319
0.027610
0.011610
0.066733
0.008781
0.029659
0.188102
0.254836
0.097173
0.013269
0.038733
0.024098
0.036685
0.000917
0.032191
0.121795
0.140229
0.065758
0.078414
0.099142
0.006328
0.034851
0.002201
0.125647
0.277615
0.530558
0.552386
0.357680
0.004677
0.000000
0.062732
0.008254
0.027881
0.176822
0.239554
0.091346
0.012473
0.036410
0.022653
0.043105
0.030082
0.014582
0.059980
0.111156
0.071353
0.078506
0.008896
0.009355
0.019252
0.001216
0.069408
0.153357
0.293086
0.305144
0.197586
0.002584
0.000000
0.114498
0.000000
0.011298
0.234165
0.574215
0.571581
0.045546
0.000000
0.000000
0.023812
0.016617
0.008055
0.033134
0.061404
0.039416
0.043368
0.004914
0.005168
0.087444
0.037896
0.025737
0.041645
0.051018
0.037085
0.035768
0.024774
0.006992
0.098393
0.000000
0.009709
0.201226
0.493443
0.491179
0.039139
0.000000
0.000000
0.008751
0.007053
0.059253
0.323259
0.426658
0.306236
0.079280
0.029648
0.011320
0.075144
0.032565
0.022117
0.035787
0.043841
0.031869
0.030737
0.021289
0.006008
0.036484
0.018851
0.003309
0.041360
0.038878
0.107579
0.204752
0.030258
0.005747
0.010887
0.008775
0.073717
0.402166
0.530805
0.380988
0.098632
0.036886
0.014083
0.113365
0.054597
0.050047
0.270277
0.208476
0.286418
0.200785
0.082871
0.034611
0.045389
0.023453
0.004116
0.051456
0.048368
0.133839
0.254732
0.037644
0.007150
0.081462
0.057739
0.066080
0.043548
0.089804
0.099499
0.045010
0.022045
0.024103
0.161540
0.077798
0.071315
0.385133
0.297069
0.408133
0.286110
0.118087
0.049319
0.051866
0.026473
0.068537
0.163469
0.275227
0.310267
0.096631
0.109057
0.055879
0.116080
0.082275
0.094161
0.062053
0.127966
0.141781
0.064137
0.031413
0.034346
0.162080
0.031953
0.036661
0.041215
0.225137
0.266660
0.043762
0.019681
0.007332
0.062188
0.031742
0.082177
0.196003
0.330003
0.372017
0.115862
0.130761
0.067000
0.196558
0.162873
0.249862
0.197576
0.141033
0.219231
0.137794
0.084490
0.077735
0.194337
0.038312
0.043957
0.049417
0.269944
0.319731
0.052471
0.023598
0.008791
0.132149
0.060985
0.068758
0.176939
0.212198
0.141311
0.172590
0.161300
0.027948
0.115566
0.095761
0.146906
0.116164
0.082920
0.128896
0.081016
0.049676
0.045704
0.065019
0.019805
0.012297
0.023124
0.225637
0.818374
0.081451
0.016976
0.012732
0.077697
0.035856
0.040426
0.104031
0.124761
0.083083
0.101474
0.094836
0.016432
0.021764
0.041025
0.166112
0.185754
0.167201
0.137003
0.041460
0.015561
0.000000
0.044387
0.013520
0.008395
0.015786
0.154037
0.558685
0.055605
0.011589
0.008692
0.060508
0.026335
0.020355
0.051593
0.401528
0.601995
0.069868
0.040561
0.018386
0.014858
0.028007
0.113401
0.126810
0.114144
0.093529
0.028304
0.010623
0.000000
0.050219
0.028192
0.035287
0.164586
0.135836
0.103558
0.074437
0.029901
0.023549
0.057412
0.024988
0.019313
0.048953
0.380982
0.571192
0.066293
0.038486
0.017446
0.067914
0.009903
0.009939
0.183372
0.378727
0.216113
0.037252
0.046698
0.042398
0.047649
0.026750
0.033481
0.156164
0.128886
0.098259
0.070628
0.028371
0.022344
0.000000
0.005146
0.009657
0.055826
0.415415
0.207126
0.040107
0.015401
0.013287
0.072522
0.010575
0.010613
0.195813
0.404422
0.230776
0.039780
0.049866
0.045275
0.042828
0.021075
0.028979
0.230927
0.213276
0.096721
0.024425
0.010651
0.004479
0.000000
0.005495
0.010312
0.059613
0.443600
0.221179
0.042828
0.016446
0.014188
0.077226
0.002108
0.004855
0.021000
0.420756
0.419777
0.092619
0.034963
0.006511
0.051599
0.025392
0.034913
0.278219
0.256953
0.116529
0.029427
0.012832
0.005396
0.031014
0.004081
0.013784
0.087419
0.118433
0.045161
0.006167
0.018001
0.011199
0.093042
0.002539
0.005849
0.025301
0.506924
0.505745
0.111587
0.042123
0.007844
0.097621
0.039992
0.083475
0.157292
0.337617
0.338478
0.059715
0.026208
0.004625
0.049820
0.006555
0.022142
0.140427
0.190246
0.072544
0.009906
0.028916
0.017990
0.034233
0.023890
0.011581
0.047634
0.088277
0.056666
0.062347
0.007065
0.007429
0.156815
0.064241
0.134090
0.252667
0.542334
0.543717
0.095924
0.042099
0.007429
0.037874
0.002841
0.031101
0.225499
0.321642
0.212461
0.046906
0.001821
0.005536
0.063293
0.044171
0.021412
0.088072
0.163216
0.104771
0.115275
0.013063
0.013736
0.232435
0.100731
0.068411
0.110696
0.135609
0.098576
0.095075
0.065852
0.018584
0.070027
0.005252
0.057503
0.416928
0.594689
0.392823
0.086725
0.003367
0.010235
0.037303
0.011043
0.057637
0.239034
0.222335
0.019392
0.004713
0.029223
0.036091
0.216731
0.093925
0.063789
0.103217
0.126447
0.091916
0.088651
0.061403
0.017328
0.105226
0.054371
0.009543
0.119290
0.112132
0.310279
0.590547
0.087270
0.016575
0.034782
0.010297
0.053743
0.222883
0.207313
0.018082
0.004395
0.027248
0.033652
0.212712
0.120797
0.073206
0.170270
0.306135
0.243351
0.145910
0.142897
0.106607
0.095509
0.049350
0.008662
0.108274
0.101777
0.281625
0.536011
0.079211
0.015044
0.171414
0.121494
0.139046
0.091634
0.188966
0.209367
0.094711
0.046387
0.050718
0.193069
0.109641
0.066446
0.154546
0.277864
0.220878
0.132436
0.129700
0.096762
0.175175
0.049920
0.085137
0.186573
0.264985
0.112491
0.095053
0.110667
0.036699
0.184600
0.130840
0.149742
0.098682
0.203502
0.225472
0.101996
0.049955
0.054619
0.257752
0.050814
0.058301
0.065543
0.358030
0.424064
0.069593
0.031298
0.011660
0.188650
0.053760
0.091686
0.200924
0.285369
0.121144
0.102364
0.119180
0.039522
0.087145
0.040627
0.094264
0.209148
0.251983
0.201169
0.163857
0.122862
0.020743
0.224016
0.044163
0.050670
0.056964
0.311168
0.368559
0.060484
0.027202
0.010134
0.152331
0.070298
0.079259
0.203961
0.244604
0.162891
0.198947
0.185933
0.032216
0.075739
0.035309
0.081926
0.181773
0.219002
0.174839
0.142410
0.106781
0.018028
0.198414
0.028802
0.078085
0.194894
0.283113
0.352878
0.126836
0.034136
0.061871
0.120453
0.055587
0.062673
0.161278
0.193416
0.128803
0.157314
0.147023
0.025474
0.033740
0.063600
0.257522
0.287973
0.259210
0.212395
0.064275
0.024124
0.000000
0.156892
0.022775
0.061745
0.154109
0.223867
0.279032
0.100293
0.026992
0.048923
0.162291
0.047742
0.187680
0.338077
0.175702
0.355116
0.211298
0.069421
0.039645
0.026592
0.050126
0.202963
0.226963
0.204293
0.167397
0.050658
0.019013
0.000000
0.089881
0.050458
0.063156
0.294573
0.243117
0.185346
0.133226
0.053516
0.042148
0.127908
0.037628
0.147918
0.266452
0.138478
0.279881
0.166532
0.054713
0.031246
0.103908
0.052054
0.118534
0.174377
0.347890
0.394426
0.179629
0.086158
0.005983
0.072349
0.040616
0.050837
0.237113
0.195694
0.149192
0.107239
0.043077
0.033927
0.000000
0.007813
0.014662
0.084763
0.630749
0.314492
0.060897
0.023385
0.020174
0.083640
0.041900
0.095412
0.140363
0.280030
0.317488
0.144590
0.069352
0.004816
0.034087
0.070690
0.080161
0.183815
0.103279
0.111841
0.161607
0.106061
0.030823
0.000000
0.006586
0.012360
0.071455
0.531715
0.265113
0.051336
0.019713
0.017007
0.092566
0.002526
0.005819
0.025172
0.504333
0.503161
0.111017
0.041907
0.007804
0.028735
0.059591
0.067575
0.154954
0.087063
0.094281
0.136233
0.089409
0.025984
0.073710
0.098025
0.050118
0.019037
0.019262
0.059861
0.084762
0.037983
0.017954
0.100600
0.002745
0.006324
0.027356
0.548104
0.546829
0.120651
0.045545
0.008481
0.105552
0.043240
0.090256
0.170069
0.365043
0.365974
0.064566
0.028337
0.005001
0.080107
0.106532
0.054467
0.020689
0.020934
0.065057
0.092119
0.041279
0.019512
0.050153
0.041672
0.031523
0.045643
0.035004
0.035838
0.041524
0.051084
0.009805
0.150579
0.061686
0.128758
0.242619
0.520767
0.522096
0.092110
0.040425
0.007134
0.036368
0.002728
0.029864
0.216532
0.308852
0.204013
0.045041
0.001748
0.005315
0.071548
0.059448
0.044971
0.065113
0.049937
0.051126
0.059239
0.072877
0.013988
0.099104
0.016785
0.058679
0.212685
0.236045
0.099104
0.037627
0.016506
0.030004
0.056048
0.004204
0.046024
0.333699
0.475974
0.314406
0.069413
0.002695
0.008192
0.029856
0.008838
0.046132
0.191317
0.177951
0.015521
0.003772
0.023389
0.028886
0.152730
0.025868
0.090431
0.327771
0.363771
0.152730
0.057988
0.025437
0.046239
0.064455
0.017030
0.251999
0.296190
0.105305
0.104012
0.030395
0.012287
0.000000
0.032579
0.009644
0.050338
0.208762
0.194178
0.016936
0.004116
0.025522
0.031520
0.199235
0.113143
0.068568
0.159482
0.286739
0.227933
0.136666
0.133843
0.099853
0.070332
0.018583
0.274978
0.323199
0.114907
0.113496
0.033167
0.013408
0.000000
0.035284
0.001176
0.100676
0.365304
0.313790
0.431285
0.086563
0.013761
0.000000
0.139287
0.079099
0.047936
0.111495
0.200462
0.159350
0.095544
0.093571
0.069808
0.126378
0.036014
0.061421
0.134600
0.191170
0.081155
0.068575
0.079839
0.026476
0.024667
0.000822
0.070384
0.255387
0.219373
0.301515
0.060517
0.009620
0.000000
0.140274
0.024092
0.219126
0.245602
0.404294
0.451244
0.259992
0.018089
0.006578
0.110996
0.031631
0.053945
0.118218
0.167902
0.071277
0.060228
0.070122
0.023254
0.051273
0.023904
0.055462
0.123056
0.148260
0.118362
0.096408
0.072288
0.012205
0.123201
0.021159
0.192456
0.215709
0.355086
0.396322
0.228347
0.015888
0.005777
0.115112
0.031847
0.126306
0.225747
0.338404
0.440590
0.155770
0.080593
0.000000
0.039880
0.018592
0.043138
0.095712
0.115315
0.092061
0.074986
0.056225
0.009493
0.104475
0.015166
0.041116
0.102621
0.149073
0.185808
0.066785
0.017974
0.032578
0.089534
0.024771
0.098240
0.175585
0.263209
0.342688
0.121157
0.062685
0.000000
0.081108
0.173619
0.352518
0.207882
0.324377
0.348361
0.332465
0.265287
0.065662
0.109373
0.015877
0.043044
0.107432
0.156062
0.194519
0.069916
0.018817
0.034106
0.113136
0.033282
0.130836
0.235681
0.122486
0.247559
0.147301
0.048395
0.027637
0.084911
0.181759
0.369045
0.217629
0.339585
0.364694
0.348053
0.277725
0.068740
0.108432
0.056980
0.074738
0.055804
0.065506
0.100023
0.067153
0.018405
0.012701
0.093731
0.027574
0.108394
0.195256
0.101477
0.205097
0.122035
0.040094
0.022897
0.076144
0.038145
0.086862
0.127784
0.254934
0.289036
0.131632
0.063137
0.004384
0.089833
0.047206
0.061919
0.046232
0.054270
0.082867
0.055634
0.015248
0.010523
0.096361
0.378772
0.548013
0.372146
0.146442
0.105666
0.088372
0.078629
0.050129
0.039008
0.019541
0.044498
0.065462
0.130599
0.148069
0.067433
0.032344
0.002246
0.015898
0.032968
0.037385
0.085727
0.048167
0.052160
0.075370
0.049464
0.014375
0.049365
0.194040
0.280740
0.190645
0.075020
0.054131
0.045272
0.040280
0.025681
0.240359
0.226134
0.121066
0.212158
0.689733
0.324389
0.054057
0.039207
0.040705
0.014700
0.030485
0.034569
0.079269
0.044539
0.048231
0.069693
0.045739
0.013292
0.037708
0.050146
0.025639
0.009738
0.009854
0.030623
0.043362
0.019431
0.009185
0.222255
0.209101
0.111947
0.196178
0.637779
0.299955
0.049985
0.036254
0.037639
0.023839
0.191654
0.365424
0.277916
0.272978
0.049039
0.022523
0.005815
0.015415
0.064104
0.085250
0.043586
0.016556
0.016752
0.052060
0.073716
0.033033
0.015614
0.040134
0.033347
0.025226
0.036524
0.028011
0.028678
0.033229
0.040879
0.007846
0.040526
0.325817
0.621229
0.472464
0.464068
0.083367
0.038290
0.009886
0.026207
0.049392
0.048529
0.034053
0.071480
0.073833
0.044881
0.049235
0.069753
0.015065
0.124985
0.103849
0.078559
0.113745
0.087233
0.089310
0.103482
0.127306
0.024435
0.173122
0.029322
0.102505
0.371534
0.412341
0.173122
0.065730
0.028833
0.052413
0.153818
0.151130
0.106048
0.222603
0.229933
0.139768
0.153330
0.217227
0.046915
0.105070
0.017104
0.131216
0.266464
0.410264
0.058033
0.012706
0.010751
0.000000
0.173204
0.029336
0.102554
0.371711
0.412537
0.173204
0.065761
0.028847
0.052438
0.073095
0.019313
0.285781
0.335896
0.119422
0.117955
0.034470
0.013935
0.000000
0.105120
0.017113
0.131278
0.266590
0.410459
0.058061
0.012712
0.010757
0.000000
0.180538
0.039848
0.028358
0.038381
0.027136
0.163426
0.177605
0.110376
0.056472
0.077043
0.020356
0.301217
0.354039
0.125872
0.124326
0.036332
0.014687
0.000000
0.038651
0.001288
0.110283
0.400162
0.343732
0.472439
0.094823
0.015074
0.000000
0.190290
0.042000
0.029890
0.040454
0.028601
0.172253
0.187198
0.116338
0.059522
0.069829
0.070086
0.124068
0.131798
0.173283
0.135792
0.068154
0.039552
0.006313
0.023454
0.000782
0.066922
0.242827
0.208585
0.286686
0.057541
0.009147
0.000000
0.133375
0.022907
0.208350
0.233524
0.384412
0.429052
0.247205
0.017200
0.006254
0.042374
0.042530
0.075287
0.079978
0.105152
0.082402
0.041357
0.024001
0.003831
0.017981
0.008913
0.009851
0.010163
0.433665
0.268314
0.014151
0.024236
0.009382
0.095535
0.016408
0.149239
0.167271
0.275350
0.307326
0.177071
0.012320
0.004480
0.089263
0.024696
0.097943
0.175055
0.262414
0.341653
0.120791
0.062496
0.000000
0.012880
0.006384
0.007056
0.007280
0.310630
0.192191
0.010136
0.017360
0.006720
0.202774
0.038696
0.007224
0.066080
0.412269
0.357949
0.072519
0.032760
0.003808
0.064645
0.017885
0.070931
0.126776
0.190042
0.247428
0.087478
0.045260
0.000000
0.058562
0.125357
0.254525
0.150095
0.234207
0.251524
0.240047
0.191543
0.047409
0.146851
0.028024
0.005232
0.047855
0.298568
0.259230
0.052519
0.023725
0.002758
0.516107
0.105566
0.024820
0.068660
0.231449
0.079488
0.136104
0.022630
0.011112
0.020973
0.044895
0.091155
0.053755
0.083878
0.090080
0.085970
0.068599
0.016979
0.026783
0.014074
0.018460
0.013784
0.016180
0.024706
0.016587
0.004546
0.003137
0.184837
0.037807
0.008889
0.024590
0.082891
0.028468
0.048744
0.008105
0.003980
0.921499
0.229543
0.025055
0.017574
0.010893
0.038330
0.022193
0.038722
0.058344
0.026891
0.014131
0.018535
0.013839
0.016245
0.024805
0.016654
0.004564
0.003150
0.028845
0.113381
0.164041
0.111398
0.043836
0.031630
0.026453
0.023537
0.015006
0.925203
0.230466
0.025155
0.017645
0.010937
0.038484
0.022282
0.038878
0.058579
0.076370
0.052512
0.003719
0.010091
0.020022
0.067124
0.090982
0.029151
0.010456
0.042075
0.165384
0.239281
0.162491
0.063941
0.046137
0.038586
0.034332
0.021888
0.204864
0.192739
0.103187
0.180827
0.587875
0.276484
0.046074
0.033417
0.034693
0.111398
0.076598
0.005424
0.014720
0.029205
0.097912
0.132712
0.042521
0.015252
0.116460
0.101230
0.259531
0.269316
0.121289
0.075747
0.062367
0.225178
0.203843
0.167500
0.157587
0.084368
0.147848
0.480657
0.226059
0.037671
0.027323
0.028366
0.017966
0.144439
0.275399
0.209449
0.205728
0.036958
0.016974
0.004383
0.011618
0.095220
0.082768
0.212197
0.220198
0.099168
0.061932
0.050993
0.184110
0.166666
0.207049
0.248842
0.053654
0.089098
0.153065
0.041775
0.073289
0.222458
0.254912
0.019156
0.154006
0.293641
0.223323
0.219354
0.039406
0.018099
0.004673
0.012387
0.023347
0.022939
0.016096
0.033787
0.034899
0.021214
0.023272
0.032971
0.007121
0.220764
0.265325
0.057208
0.095000
0.163204
0.044542
0.078144
0.237194
0.271796
0.161350
0.627540
0.150353
0.038701
0.060434
0.108259
0.079182
0.117753
0.089900
0.032244
0.031681
0.022230
0.046663
0.048200
0.029299
0.032142
0.045536
0.009835
0.022025
0.003586
0.027506
0.055857
0.086001
0.012165
0.002664
0.002254
0.000000
0.222840
0.866696
0.207652
0.053450
0.083466
0.149516
0.109358
0.162629
0.124161
0.077575
0.091968
0.088332
0.040849
0.085207
0.115300
0.027045
0.040286
0.013164
0.078782
0.012825
0.098386
0.199794
0.307615
0.043513
0.009527
0.008061
0.000000
0.135303
0.029864
0.021253
0.028764
0.020337
0.122478
0.133104
0.082721
0.042322
0.277476
0.328959
0.315951
0.146113
0.304775
0.412413
0.096737
0.144097
0.047086
0.043971
0.002931
0.027390
0.109836
0.204008
0.337570
0.107180
0.039391
0.007145
0.159093
0.035115
0.024990
0.033822
0.023912
0.144013
0.156508
0.097265
0.049764
0.058381
0.058596
0.103728
0.110191
0.144875
0.113530
0.056981
0.033068
0.005278
0.051703
0.003447
0.032206
0.129149
0.239878
0.396925
0.126025
0.046317
0.008402
0.235031
0.036084
0.032637
0.037700
0.244402
0.670087
0.128718
0.078200
0.043624
0.053840
0.054039
0.095661
0.101621
0.133607
0.104700
0.052549
0.030496
0.004867
0.022847
0.011324
0.012516
0.012914
0.551017
0.340921
0.017980
0.030794
0.011920
0.216751
0.033278
0.030099
0.034768
0.225394
0.617970
0.118707
0.072118
0.040231
0.010430
0.021258
0.050363
0.084237
0.063178
0.039436
0.018079
0.008344
0.001192
0.016522
0.008189
0.009051
0.009339
0.398472
0.246540
0.013002
0.022269
0.008620
0.260117
0.049638
0.009267
0.084766
0.528854
0.459173
0.093027
0.042024
0.004885
0.007543
0.015373
0.036421
0.060917
0.045687
0.028519
0.013074
0.006034
0.000862
0.013649
0.003592
0.002011
0.013433
0.312557
0.304152
0.037786
0.011063
0.015804
0.144474
0.027570
0.005147
0.047081
0.293736
0.255034
0.051669
0.023341
0.002713
0.507754
0.103857
0.024418
0.067549
0.227703
0.078202
0.133901
0.022264
0.010932
0.007581
0.001995
0.001117
0.007461
0.173600
0.168932
0.020987
0.006144
0.008778
0.050632
0.018832
0.013885
0.038582
0.510946
0.380915
0.034553
0.001955
0.001037
0.181767
0.037179
0.008741
0.024181
0.081514
0.027995
0.047934
0.007970
0.003914
0.906192
0.225730
0.024638
0.017283
0.010712
0.037693
0.021825
0.038079
0.057375
0.018125
0.006742
0.004971
0.013812
0.182910
0.136361
0.012369
0.000700
0.000371
0.051905
0.057504
0.041392
0.023410
0.108823
0.048863
0.004985
0.001814
0.001128
0.881875
0.219673
0.023977
0.016819
0.010425
0.036682
0.021239
0.037057
0.055836
0.072793
0.050053
0.003544
0.009619
0.019084
0.063981
0.086721
0.027786
0.009966
0.050512
0.055961
0.040282
0.022782
0.105903
0.047551
0.004851
0.001765
0.001098
0.184034
0.170009
0.143043
0.172594
0.080925
0.040184
0.032553
0.041143
0.027591
0.121179
0.083324
0.005900
0.016012
0.031770
0.106509
0.144365
0.046255
0.016591
0.126687
0.110119
0.282320
0.292964
0.131939
0.082398
0.067844
0.244951
0.221742
0.306362
0.283014
0.238124
0.287318
0.134716
0.066895
0.054192
0.068492
0.045931
0.066918
0.122383
0.152440
0.335494
0.179050
0.205406
0.188051
0.015735
0.010551
0.101019
0.087808
0.225121
0.233608
0.105208
0.065704
0.054098
0.195323
0.176816
0.219659
0.263997
0.056921
0.094525
0.162387
0.044319
0.077753
0.236007
0.270437
0.053360
0.097587
0.121555
0.267521
0.142774
0.163790
0.149951
0.012547
0.008414
0.217574
0.072955
0.029466
0.013451
0.017971
0.126648
0.291932
0.339333
0.238092
0.154408
0.185575
0.040013
0.066445
0.114149
0.031154
0.054656
0.165900
0.190102
0.112852
0.438919
0.105161
0.027068
0.042269
0.075719
0.055382
0.082360
0.062879
0.152943
0.051284
0.020713
0.009455
0.012633
0.089026
0.205212
0.238532
0.167365
0.004864
0.000778
0.001647
0.003411
0.002711
0.134862
0.586116
0.305146
0.005266
0.105805
0.411510
0.098594
0.025378
0.039630
0.070991
0.051924
0.077217
0.058952
0.036833
0.043667
0.041940
0.019395
0.040457
0.054745
0.012841
0.019128
0.006250
0.004560
0.000730
0.001544
0.003198
0.002541
0.126441
0.549515
0.286091
0.004937
0.006943
0.002578
0.005885
0.001192
0.021463
0.150311
0.532224
0.270720
0.013777
0.057447
0.068105
0.065412
0.030250
0.063098
0.085383
0.020028
0.029833
0.009748
0.009103
0.000607
0.005671
0.022740
0.042236
0.069888
0.022190
0.008155
0.001479
0.010829
0.004021
0.009179
0.001859
0.033474
0.234433
0.830084
0.422230
0.021488
0.012062
0.006828
0.016026
0.033341
0.157869
0.115405
0.049576
0.002807
0.000266
0.030792
0.002053
0.019181
0.076916
0.142862
0.236393
0.075056
0.027585
0.005004
0.139976
0.021490
0.019437
0.022453
0.145557
0.399078
0.076659
0.046573
0.025981
0.040800
0.023094
0.054207
0.112776
0.533986
0.390354
0.167689
0.009494
0.000898
0.118485
0.003913
0.001668
0.020464
0.291306
0.323894
0.109825
0.007698
0.000000
0.167920
0.025781
0.023318
0.026935
0.174615
0.478749
0.091963
0.055871
0.031168
0.008080
0.016469
0.039017
0.065259
0.048945
0.030552
0.014006
0.006464
0.000923
0.142139
0.004694
0.002001
0.024549
0.349461
0.388555
0.131750
0.009235
0.000000
0.056640
0.006464
0.011082
0.030783
0.263731
0.547394
0.053177
0.015007
0.000770
0.009968
0.020317
0.048133
0.080507
0.060380
0.037690
0.017279
0.007975
0.001139
0.018038
0.004747
0.002658
0.017753
0.413072
0.401964
0.049937
0.014620
0.020886
0.069874
0.007975
0.013671
0.037975
0.325350
0.675288
0.065602
0.018513
0.000949
0.128355
0.007405
0.016234
0.112975
0.211805
0.040823
0.004272
0.007120
0.000000
0.006904
0.001817
0.001017
0.006795
0.158107
0.153855
0.019114
0.005596
0.007994
0.046113
0.017152
0.012646
0.035139
0.465345
0.346919
0.031469
0.001781
0.000945
0.049129
0.002834
0.006214
0.043242
0.081070
0.015625
0.001635
0.002725
0.000000
0.063955
0.000000
0.000000
0.018569
0.683519
0.355350
0.000000
0.000000
0.000000
0.027850
0.010359
0.007637
0.021223
0.281050
0.209526
0.019006
0.001075
0.000571
0.079754
0.088358
0.063602
0.035971
0.167212
0.075080
0.007659
0.002787
0.001734
0.038626
0.000000
0.000000
0.011215
0.412818
0.214617
0.000000
0.000000
0.000000
0.042577
0.000000
0.000000
0.043762
0.647736
0.425196
0.001712
0.000000
0.000000
0.062497
0.069239
0.049840
0.028187
0.131031
0.058834
0.006002
0.002184
0.001359
0.227700
0.210348
0.176984
0.213546
0.100126
0.049719
0.040277
0.050906
0.034138
0.033364
0.000000
0.000000
0.034293
0.507579
0.333192
0.001341
0.000000
0.000000
0.105251
0.000000
0.000000
0.001118
0.506960
0.370477
0.012984
0.000000
0.000000
0.227087
0.209781
0.176507
0.212971
0.099857
0.049585
0.040169
0.050769
0.034046
0.049602
0.090715
0.112995
0.248681
0.132719
0.152255
0.139391
0.011663
0.007821
0.104968
0.000000
0.000000
0.001115
0.505595
0.369480
0.012949
0.000000
0.000000
0.026757
0.000000
0.053359
0.129237
0.272968
0.405258
0.039775
0.019964
0.009399
0.056316
0.102993
0.128289
0.282341
0.150683
0.172863
0.158258
0.013242
0.008880
0.229627
0.076997
0.031099
0.014196
0.018967
0.133664
0.308104
0.358130
0.251281
0.030378
0.000000
0.060581
0.146730
0.309915
0.460111
0.045158
0.022667
0.010671
0.140538
0.021109
0.005667
0.029911
0.053045
0.138960
0.198412
0.129282
0.109147
0.173320
0.058116
0.023473
0.010715
0.014316
0.100888
0.232554
0.270313
0.189664
0.005512
0.000882
0.001867
0.003866
0.003072
0.152831
0.664208
0.345803
0.005967
0.106076
0.015933
0.004277
0.022576
0.040038
0.104886
0.149759
0.097581
0.082383
0.014801
0.040067
0.048915
0.063658
0.095611
0.229482
0.267756
0.052164
0.018593
0.004510
0.000722
0.001527
0.003163
0.002514
0.125051
0.543475
0.282946
0.004883
0.006867
0.002550
0.005821
0.001179
0.021227
0.148659
0.526373
0.267745
0.013626
0.012111
0.032784
0.040024
0.052086
0.078232
0.187769
0.219086
0.042682
0.015213
0.085821
0.282104
0.132904
0.078905
0.050162
0.082549
0.096921
0.098064
0.033939
0.007515
0.002790
0.006370
0.001290
0.023229
0.162682
0.576028
0.293002
0.014911
0.008370
0.004738
0.011121
0.023137
0.109552
0.080084
0.034403
0.001948
0.000184
0.093917
0.308716
0.145442
0.086349
0.054894
0.090337
0.106064
0.107314
0.037140
0.027967
0.000000
0.000000
0.000000
0.351897
0.490324
0.035758
0.016964
0.000000
0.009300
0.005264
0.012356
0.025706
0.121714
0.088975
0.038222
0.002164
0.000205
0.027007
0.000892
0.000380
0.004664
0.066399
0.073827
0.025033
0.001755
0.000000
0.031072
0.000000
0.000000
0.000000
0.390964
0.544758
0.039728
0.018848
0.000000
0.060828
0.000000
0.000000
0.000000
0.399693
0.589633
0.000000
0.000000
0.000000
0.026091
0.000862
0.000367
0.004506
0.064147
0.071323
0.024184
0.001695
0.000000
0.010397
0.001187
0.002034
0.005650
0.048410
0.100480
0.009761
0.002755
0.000141
0.058765
0.000000
0.000000
0.000000
0.386139
0.569638
0.000000
0.000000
0.000000
0.084757
0.000000
0.000000
0.000876
0.581716
0.392680
0.000000
0.000000
0.000000
0.010502
0.001199
0.002055
0.005708
0.048902
0.101500
0.009860
0.002783
0.000143
0.019292
0.001113
0.002440
0.016981
0.031835
0.006136
0.000642
0.001070
0.000000
0.085618
0.000000
0.000000
0.000885
0.587621
0.396666
0.000000
0.000000
0.000000
0.075343
0.000000
0.000000
0.000000
0.481670
0.487520
0.000000
0.000000
0.000000
0.023625
0.001363
0.002988
0.020794
0.038984
0.007514
0.000786
0.001311
0.000000
0.030754
0.000000
0.000000
0.008929
0.328683
0.170877
0.000000
0.000000
0.000000
0.092262
0.000000
0.000000
0.000000
0.589830
0.596994
0.000000
0.000000
0.000000
0.203046
0.000000
0.000000
0.000000
0.274008
0.173323
0.000000
0.000000
0.000000
0.036909
0.000000
0.000000
0.010716
0.394460
0.205073
0.000000
0.000000
0.000000
0.040683
0.000000
0.000000
0.041816
0.618930
0.406287
0.001636
0.000000
0.000000
0.243680
0.000000
0.000000
0.000000
0.328842
0.208009
0.000000
0.000000
0.000000
0.057040
0.000000
0.000000
0.010758
0.173197
0.071888
0.000000
0.000000
0.000000
0.034001
0.000000
0.000000
0.034947
0.517267
0.339551
0.001367
0.000000
0.000000
0.107260
0.000000
0.000000
0.001139
0.516636
0.377548
0.013232
0.000000
0.000000
0.047671
0.000000
0.000000
0.008991
0.144748
0.060080
0.000000
0.000000
0.000000
0.065197
0.000000
0.000000
0.015984
0.370257
0.158471
0.000000
0.000000
0.000000
0.106628
0.000000
0.000000
0.001132
0.513591
0.375323
0.013154
0.000000
0.000000
0.027180
0.000000
0.054203
0.131281
0.277285
0.411667
0.040404
0.020280
0.009548
0.064813
0.000000
0.000000
0.015890
0.368075
0.157538
0.000000
0.000000
0.000000
0.089554
0.000000
0.000000
0.000000
0.300614
0.226428
0.000523
0.000000
0.000000
0.035779
0.000000
0.071351
0.172816
0.365012
0.541910
0.053186
0.026696
0.012568
0.165523
0.024862
0.006674
0.035228
0.062475
0.163665
0.233686
0.152266
0.128551
0.117886
0.000000
0.000000
0.000000
0.395722
0.298064
0.000688
0.000000
0.000000
0.120960
0.107611
0.090685
0.093827
0.215383
0.172885
0.000000
0.000000
0.000000
0.165801
0.024903
0.006685
0.035287
0.062580
0.163940
0.234078
0.152522
0.128767
0.023134
0.062626
0.076456
0.099499
0.149443
0.358687
0.418511
0.081533
0.029062
0.121163
0.107792
0.090838
0.093985
0.215745
0.173175
0.000000
0.000000
0.000000
0.394526
0.462942
0.026580
0.011694
0.002389
0.000000
0.000000
0.007443
0.023341
0.020658
0.055921
0.068271
0.088846
0.133444
0.320286
0.373704
0.072804
0.025950
0.146388
0.481198
0.226701
0.134593
0.085564
0.140808
0.165323
0.167271
0.057891
0.352287
0.413378
0.023735
0.010442
0.002133
0.000000
0.000000
0.006647
0.020842
0.027797
0.083615
0.033807
0.023940
0.041131
0.018852
0.015201
0.039059
0.012083
0.104137
0.342312
0.161269
0.095746
0.060868
0.100168
0.117607
0.118993
0.041182
0.031011
0.000000
0.000000
0.000000
0.390193
0.543684
0.039650
0.018811
0.000000
0.019774
0.059482
0.024050
0.017030
0.029259
0.013411
0.010814
0.027785
0.008595
0.445632
0.364859
0.014783
0.001007
0.000000
0.007647
0.011281
0.043371
0.043065
0.026619
0.000000
0.000000
0.000000
0.334938
0.466694
0.034035
0.016147
0.000000
0.052111
0.000000
0.000000
0.000000
0.342417
0.505138
0.000000
0.000000
0.000000
0.382527
0.313192
0.012690
0.000864
0.000000
0.006564
0.009683
0.037229
0.036966
0.176651
0.000000
0.000000
0.001228
0.071039
0.073757
0.030415
0.033434
0.039409
0.056224
0.000000
0.000000
0.000000
0.369440
0.545003
0.000000
0.000000
0.000000
0.081092
0.000000
0.000000
0.000838
0.556559
0.375697
0.000000
0.000000
0.000000
0.190592
0.000000
0.000000
0.001324
0.076645
0.079578
0.032815
0.036072
0.042519
0.081903
0.000000
0.000000
0.000000
0.186105
0.108528
0.000000
0.000000
0.000000
0.081495
0.000000
0.000000
0.000842
0.559327
0.377566
0.000000
0.000000
0.000000
0.071716
0.000000
0.000000
0.000000
0.458477
0.464046
0.000000
0.000000
0.000000
0.082310
0.000000
0.000000
0.000000
0.187031
0.109067
0.000000
0.000000
0.000000
0.092089
0.000000
0.000000
0.000380
0.142249
0.157815
0.000000
0.000000
0.000000
0.090610
0.000000
0.000000
0.000000
0.579271
0.586307
0.000000
0.000000
0.000000
0.199411
0.000000
0.000000
0.000000
0.269102
0.170220
0.000000
0.000000
0.000000
0.116352
0.000000
0.000000
0.000481
0.179728
0.199394
0.000000
0.000000
0.000000
0.110860
0.000000
0.000000
0.000000
0.206344
0.175660
0.000000
0.000000
0.000000
0.380443
0.000000
0.000000
0.000000
0.513402
0.324752
0.000000
0.000000
0.000000
0.089054
0.000000
0.000000
0.016796
0.270403
0.112234
0.000000
0.000000
0.000000
0.211503
0.000000
0.000000
0.000000
0.393671
0.335131
0.000000
0.000000
0.000000
0.123104
0.000000
0.000000
0.000458
0.243523
0.076220
0.000000
0.000000
0.000000
0.101700
0.000000
0.000000
0.019181
0.308801
0.128172
0.000000
0.000000
0.000000
0.139089
0.000000
0.000000
0.034099
0.789893
0.338077
0.000000
0.000000
0.000000
0.140585
0.000000
0.000000
0.000523
0.278104
0.087043
0.000000
0.000000
0.000000
0.016788
0.020116
0.007254
0.010955
0.113590
0.017947
0.000150
0.000000
0.000000
0.113571
0.000000
0.000000
0.027843
0.644972
0.276050
0.000000
0.000000
0.000000
0.156923
0.000000
0.000000
0.000000
0.526761
0.396765
0.000916
0.000000
0.000000
0.013708
0.016425
0.005923
0.008945
0.092749
0.014654
0.000122
0.000000
0.000000
0.089971
0.014502
0.005556
0.001588
0.062067
0.112869
0.015814
0.005740
0.002198
0.183113
0.000000
0.000000
0.000000
0.614675
0.462983
0.001069
0.000000
0.000000
0.187886
0.167153
0.140861
0.145742
0.334555
0.268542
0.000000
0.000000
0.000000
0.104987
0.016922
0.006484
0.001853
0.072426
0.131706
0.018454
0.006698
0.002565
0.094763
0.008301
0.012362
0.038404
0.181616
0.088956
0.001318
0.000926
0.003171
0.137823
0.122614
0.103328
0.106908
0.245411
0.196987
0.000000
0.000000
0.000000
0.448774
0.526597
0.030235
0.013301
0.002718
0.000000
0.000000
0.008467
0.026551
0.069513
0.006089
0.009068
0.028171
0.133224
0.065253
0.000967
0.000679
0.002326
0.543530
0.166151
0.051716
0.034599
0.096716
0.015261
0.003031
0.000183
0.000340
0.384592
0.451284
0.025911
0.011399
0.002329
0.000000
0.000000
0.007256
0.022753
0.030345
0.091283
0.036907
0.026135
0.044902
0.020581
0.016595
0.042640
0.013191
0.465796
0.142388
0.044320
0.029651
0.082884
0.013079
0.002598
0.000157
0.000291
0.554750
0.272594
0.025822
0.023560
0.011847
0.002307
0.004076
0.010235
0.019327
0.025420
0.076465
0.030916
0.021893
0.037614
0.017240
0.013901
0.035719
0.011050
0.572870
0.469034
0.019004
0.001294
0.000000
0.009830
0.014501
0.055754
0.055360
0.464701
0.228345
0.021630
0.019735
0.009924
0.001932
0.003414
0.008573
0.016190
0.304510
0.095150
0.068717
0.080724
0.122427
0.098208
0.106969
0.104455
0.065978
0.553268
0.452985
0.018353
0.001250
0.000000
0.009494
0.014005
0.053847
0.053466
0.255499
0.000000
0.000000
0.001776
0.102747
0.106678
0.043990
0.048357
0.056999
0.294091
0.091894
0.066366
0.077962
0.118238
0.094847
0.103309
0.100881
0.063721
0.374987
0.296192
0.054372
0.020600
0.028808
0.011052
0.032304
0.010581
0.020926
0.319517
0.000000
0.000000
0.002220
0.128491
0.133408
0.055013
0.060473
0.071281
0.137305
0.000000
0.000000
0.000000
0.311995
0.181940
0.000000
0.000000
0.000000
0.468944
0.370406
0.067995
0.025762
0.036026
0.013821
0.040398
0.013232
0.026169
0.276422
0.282653
0.323482
0.162183
0.145167
0.163497
0.029613
0.015249
0.000612
0.165032
0.000000
0.000000
0.000000
0.374997
0.218680
0.000000
0.000000
0.000000
0.184639
0.000000
0.000000
0.000763
0.285210
0.316419
0.000000
0.000000
0.000000
0.332242
0.339731
0.388805
0.194933
0.174481
0.196513
0.035593
0.018328
0.000735
0.066285
0.189623
0.168245
0.027042
0.087091
0.078213
0.004793
0.003023
0.002315
0.248316
0.000000
0.000000
0.001025
0.383572
0.425544
0.000000
0.000000
0.000000
0.236596
0.000000
0.000000
0.000000
0.440377
0.374892
0.000000
0.000000
0.000000
0.089145
0.255019
0.226268
0.036368
0.117126
0.105187
0.006446
0.004065
0.003113
0.027835
0.000000
0.000000
0.000623
0.070686
0.243885
0.058380
0.025637
0.000000
0.302106
0.000000
0.000000
0.000000
0.562309
0.478692
0.000000
0.000000
0.000000
0.175839
0.000000
0.000000
0.000655
0.347842
0.108870
0.000000
0.000000
0.000000
0.035542
0.000000
0.000000
0.000795
0.090258
0.311412
0.074544
0.032736
0.000000
0.120187
0.011458
0.009306
0.025066
0.222604
0.142635
0.026142
0.026376
0.006641
0.309915
0.000000
0.000000
0.001154
0.613071
0.191883
0.000000
0.000000
0.000000
0.037008
0.044344
0.015990
0.024150
0.250405
0.039564
0.000330
0.000000
0.000000
0.211830
0.020194
0.016402
0.044179
0.392339
0.251394
0.046075
0.046487
0.011704
0.184218
0.001154
0.010798
0.030662
0.335054
0.080281
0.008984
0.001236
0.000000
0.057720
0.069161
0.024939
0.037666
0.390542
0.061705
0.000514
0.000000
0.000000
0.378844
0.061062
0.023397
0.006685
0.261347
0.475259
0.066590
0.024168
0.009256
0.287315
0.001800
0.016840
0.047822
0.522566
0.125210
0.014012
0.001928
0.000000
0.043065
0.056049
0.078803
0.029310
0.000000
0.009770
0.003728
0.011441
0.003342
0.342108
0.055141
0.021128
0.006037
0.236005
0.429174
0.060133
0.021824
0.008358
0.308791
0.027048
0.040282
0.125142
0.591812
0.289869
0.004295
0.003018
0.010332
0.038889
0.050614
0.071161
0.026468
0.000000
0.008823
0.003367
0.010332
0.003018
0.080332
0.180980
0.153699
0.091593
0.079404
0.006965
0.001393
0.000697
0.001625
0.114002
0.009986
0.014872
0.046201
0.218490
0.107016
0.001586
0.001114
0.003814
0.891402
0.272491
0.084816
0.056744
0.158617
0.025029
0.004972
0.000300
0.000557
0.029658
0.066816
0.056744
0.033815
0.029315
0.002571
0.000514
0.000257
0.000600
0.075901
0.041358
0.037886
0.013757
0.012600
0.011786
0.006643
0.013629
0.008229
0.554400
0.169473
0.052750
0.035291
0.098651
0.015567
0.003092
0.000187
0.000347
0.660274
0.324446
0.030733
0.028041
0.014101
0.002745
0.004851
0.012181
0.023003
0.047206
0.025722
0.023563
0.008556
0.007837
0.007330
0.004132
0.008476
0.005118
0.142472
0.281878
0.047766
0.002559
0.000506
0.000080
0.005118
0.013141
0.007250
0.572485
0.281308
0.026647
0.024313
0.012226
0.002380
0.004206
0.010562
0.019945
0.375139
0.117219
0.084656
0.099447
0.150823
0.120987
0.131779
0.128683
0.081282
0.123529
0.244400
0.041415
0.002219
0.000439
0.000069
0.004437
0.011394
0.006286
0.095010
0.111557
0.221635
0.218839
0.315929
0.212738
0.035314
0.000601
0.000324
0.228878
0.071517
0.051650
0.060674
0.092019
0.073816
0.080401
0.078511
0.049591
0.291836
0.230513
0.042315
0.016032
0.022420
0.008601
0.025141
0.008235
0.016286
0.057967
0.068063
0.135223
0.133517
0.192753
0.129794
0.021545
0.000367
0.000197
0.665638
0.462691
0.084081
0.027609
0.003553
0.000000
0.004710
0.032614
0.024436
0.271168
0.214189
0.039319
0.014897
0.020832
0.007992
0.023361
0.007651
0.015133
0.159842
0.163445
0.187055
0.093783
0.083943
0.094543
0.017124
0.008818
0.000354
0.618498
0.429923
0.078126
0.025653
0.003302
0.000000
0.004376
0.030305
0.022705
0.055381
0.027684
0.011333
0.010770
0.073383
0.025942
0.109688
0.247349
0.325790
0.235541
0.240850
0.275641
0.138197
0.123698
0.139317
0.025234
0.012993
0.000521
0.046992
0.134432
0.119276
0.019171
0.061743
0.055449
0.003398
0.002143
0.001641
0.081609
0.040795
0.016700
0.015870
0.108136
0.038227
0.161635
0.364490
0.480078
0.410787
0.314177
0.148680
0.063480
0.037242
0.019422
0.039617
0.050815
0.056317
0.056213
0.160810
0.142681
0.022933
0.073858
0.066329
0.004065
0.002564
0.001963
0.017552
0.000000
0.000000
0.000393
0.044573
0.153789
0.036813
0.016166
0.000000
0.491392
0.375824
0.177854
0.075936
0.044550
0.023234
0.047391
0.060786
0.067368
0.648022
0.242266
0.016374
0.001178
0.000208
0.002910
0.008060
0.016628
0.017206
0.024139
0.000000
0.000000
0.000540
0.061302
0.211506
0.050629
0.022234
0.000000
0.081630
0.007782
0.006321
0.017025
0.151189
0.096876
0.017755
0.017914
0.004510
0.891224
0.333189
0.022520
0.001620
0.000286
0.004002
0.011085
0.022869
0.023663
0.018359
0.000445
0.003049
0.001715
0.003049
0.003970
0.012896
0.018390
0.002859
0.319318
0.030441
0.024725
0.066597
0.591421
0.378957
0.069455
0.070076
0.017643
0.277695
0.001739
0.016277
0.046220
0.505069
0.121018
0.013543
0.001864
0.000000
0.071815
0.001739
0.011928
0.006709
0.011928
0.015531
0.050445
0.071940
0.011182
0.107847
0.032056
0.014786
0.012301
0.006337
0.014910
0.093186
0.050817
0.032429
0.445245
0.002789
0.026097
0.074108
0.809809
0.194035
0.021714
0.002988
0.000000
0.066737
0.086858
0.122119
0.045421
0.000000
0.015140
0.005777
0.017730
0.005180
0.172919
0.051397
0.023707
0.019722
0.010160
0.023906
0.149411
0.081479
0.051995
0.036656
0.000000
0.011953
0.023507
0.020320
0.018527
0.055581
0.018726
0.002789
0.117507
0.152935
0.215020
0.079975
0.000000
0.026658
0.010172
0.031218
0.009120
0.242731
0.546846
0.464416
0.276755
0.239925
0.021046
0.004209
0.002105
0.004911
0.064541
0.000000
0.021046
0.041391
0.035778
0.032621
0.097864
0.032972
0.004911
0.200639
0.267285
0.205900
0.094356
0.059630
0.049107
0.097864
0.038935
0.024554
0.156325
0.352184
0.299096
0.178238
0.154518
0.013554
0.002711
0.001355
0.003163
0.400075
0.217997
0.199699
0.072515
0.066416
0.062124
0.035015
0.071837
0.043374
0.129217
0.172139
0.132605
0.060768
0.038404
0.031627
0.063027
0.025075
0.015813
0.117018
0.005648
0.071160
0.081325
0.053991
0.248042
0.469654
0.222741
0.044729
0.137244
0.074783
0.068506
0.024876
0.022784
0.021311
0.012012
0.024644
0.014879
0.414213
0.819514
0.138872
0.007440
0.001472
0.000232
0.014879
0.038205
0.021079
0.040143
0.001937
0.024411
0.027898
0.018521
0.085090
0.161113
0.076410
0.015344
0.038360
0.008524
0.016662
0.026426
0.022396
0.211485
0.115236
0.006200
0.001085
0.203856
0.403327
0.068346
0.003661
0.000725
0.000114
0.007323
0.018803
0.010374
0.156792
0.184100
0.365759
0.361144
0.521369
0.351076
0.058277
0.000992
0.000534
0.018879
0.004195
0.008200
0.013006
0.011022
0.104083
0.056714
0.003051
0.000534
0.143558
0.009344
0.002479
0.007094
0.006255
0.016858
0.006407
0.068728
0.169645
0.063788
0.074898
0.148802
0.146925
0.212109
0.142828
0.023709
0.000403
0.000217
0.732481
0.509154
0.092524
0.030381
0.003910
0.000000
0.005182
0.035889
0.026890
0.058404
0.003802
0.001009
0.002886
0.002545
0.006858
0.002607
0.027961
0.069017
0.234639
0.027138
0.019411
0.011777
0.009465
0.005803
0.010753
0.046611
0.074680
0.649085
0.451185
0.081990
0.026922
0.003465
0.000000
0.004592
0.031803
0.023828
0.058120
0.029053
0.011894
0.011302
0.077012
0.027225
0.115113
0.259582
0.341901
0.207924
0.024048
0.017201
0.010436
0.008387
0.005142
0.009529
0.041304
0.066178
0.273043
0.034484
0.007631
0.048330
0.085138
0.037592
0.017187
0.031721
0.137044
0.061982
0.030984
0.012684
0.012053
0.082129
0.029033
0.122761
0.276829
0.364618
0.311992
0.238616
0.112922
0.048213
0.028286
0.014751
0.030089
0.038594
0.042773
0.291184
0.036776
0.008138
0.051542
0.090795
0.040090
0.018329
0.033828
0.146149
0.375645
0.325511
0.044005
0.062554
0.024649
0.095957
0.301610
0.289821
0.169728
0.263644
0.201639
0.095423
0.040742
0.023902
0.012465
0.025426
0.032613
0.036145
0.347679
0.129982
0.008785
0.000632
0.000112
0.001561
0.004324
0.008922
0.009231
0.317433
0.275068
0.037185
0.052860
0.020829
0.081087
0.254871
0.244908
0.143426
0.631285
0.057668
0.010433
0.000223
0.003866
0.002082
0.000000
0.028821
0.036851
0.378227
0.141402
0.009557
0.000687
0.000121
0.001698
0.004704
0.009705
0.010042
0.007791
0.000189
0.001294
0.000728
0.001294
0.001685
0.005473
0.007805
0.001213
0.686750
0.062735
0.011350
0.000243
0.004206
0.002265
0.000000
0.031354
0.040089
0.580705
0.144502
0.001334
0.000067
0.000000
0.000040
0.001793
0.007387
0.003990
0.013000
0.000315
0.002159
0.001215
0.002159
0.002811
0.009131
0.013022
0.002024
0.019522
0.005803
0.002676
0.002227
0.001147
0.002699
0.016868
0.009199
0.005870
0.968906
0.241102
0.002227
0.000112
0.000000
0.000067
0.002991
0.012325
0.006657
0.022468
0.004588
0.006995
0.026989
0.015249
0.005398
0.004048
0.004048
0.000000
0.359990
0.107002
0.049353
0.041059
0.021151
0.049768
0.311051
0.169626
0.108246
0.076311
0.000000
0.024884
0.048939
0.042303
0.038570
0.115711
0.038985
0.005806
0.414320
0.084606
0.128982
0.497681
0.281190
0.099536
0.074652
0.074652
0.000000
0.238887
0.063040
0.068846
0.101610
0.020322
0.163820
0.188704
0.053915
0.049768
0.111337
0.000000
0.036306
0.071401
0.061719
0.056274
0.168821
0.056879
0.008471
0.346113
0.461080
0.355189
0.162770
0.102866
0.084713
0.168821
0.067165
0.042356
0.348533
0.091974
0.100445
0.148248
0.029650
0.239011
0.275317
0.078662
0.072611
0.183948
0.128280
0.050828
0.119203
0.171241
0.003631
0.023599
0.016337
0.016943
0.181789
0.242174
0.186557
0.085492
0.054028
0.044494
0.088670
0.035277
0.022247
0.164627
0.007945
0.100111
0.114413
0.075957
0.348959
0.660734
0.313364
0.062927
0.096615
0.067376
0.026696
0.062609
0.089941
0.001907
0.012395
0.008581
0.008899
0.241538
0.218656
0.035277
0.025425
0.011123
0.000953
0.006992
0.004767
0.000000
0.115836
0.005591
0.070441
0.080504
0.053445
0.245536
0.464909
0.220491
0.044277
0.110693
0.024598
0.048079
0.076255
0.064627
0.610263
0.332525
0.017890
0.003131
0.169952
0.153851
0.024822
0.017890
0.007827
0.000671
0.004920
0.003354
0.000000
0.224739
0.083634
0.074242
0.112034
0.053445
0.031307
0.058142
0.009392
0.017442
0.068911
0.015314
0.029931
0.047472
0.040233
0.379918
0.207013
0.011137
0.001949
0.524006
0.034108
0.009049
0.025894
0.022831
0.061533
0.023388
0.250866
0.619229
0.139911
0.052066
0.046219
0.069747
0.033272
0.019490
0.036196
0.005847
0.010859
0.058470
0.010580
0.016984
0.093553
0.055686
0.108449
0.073923
0.097033
0.025476
0.186822
0.012160
0.003226
0.009232
0.008140
0.021938
0.008339
0.089440
0.220772
0.750565
0.086810
0.062092
0.037672
0.030277
0.018563
0.034396
0.149100
0.238888
0.020846
0.003772
0.006055
0.033354
0.019854
0.038665
0.026356
0.034595
0.009083
0.369376
0.319742
0.061645
0.001836
0.000149
0.013103
0.028490
0.025959
0.000943
0.335933
0.038854
0.027791
0.016861
0.013551
0.008308
0.015395
0.066733
0.106920
0.441143
0.055715
0.012329
0.078085
0.137555
0.060735
0.027769
0.051250
0.221416
0.165323
0.143108
0.027591
0.000822
0.000067
0.005865
0.012751
0.011618
0.000422
0.733757
0.006131
0.020104
0.029257
0.003332
0.003999
0.014529
0.016750
0.009597
0.307762
0.038869
0.008601
0.054476
0.095965
0.042372
0.019373
0.035754
0.154470
0.397032
0.344044
0.046510
0.066115
0.026052
0.101420
0.318782
0.306321
0.179391
0.511904
0.004277
0.014026
0.020411
0.002325
0.002790
0.010136
0.011686
0.006695
0.208822
0.029601
0.007486
0.005641
0.010771
0.021093
0.001472
0.055096
0.178694
0.296483
0.256915
0.034731
0.049371
0.019455
0.075735
0.238050
0.228745
0.133960
0.589622
0.053862
0.009745
0.000208
0.003611
0.001944
0.000000
0.026919
0.034419
0.155938
0.022105
0.005590
0.004213
0.008043
0.015751
0.001099
0.041143
0.133440
0.413674
0.366050
0.049939
0.016017
0.006354
0.008923
0.003634
0.027278
0.058364
0.540502
0.049375
0.008933
0.000191
0.003310
0.001782
0.000000
0.024677
0.031552
0.457041
0.113730
0.001050
0.000053
0.000000
0.000032
0.001411
0.005814
0.003140
0.379212
0.335556
0.045778
0.014683
0.005824
0.008180
0.003331
0.025006
0.053502
0.193913
0.099609
0.101794
0.012784
0.056536
0.039880
0.115300
0.272262
0.263223
0.661382
0.164578
0.001520
0.000077
0.000000
0.000046
0.002042
0.008413
0.004544
0.015337
0.003132
0.004775
0.018423
0.010409
0.003685
0.002763
0.002763
0.000000
0.280611
0.144144
0.147306
0.018500
0.081813
0.057710
0.166850
0.393989
0.380909
0.255725
0.003454
0.003439
0.004652
0.004314
0.000261
0.000307
0.021232
0.094832
0.055321
0.011297
0.017222
0.066452
0.037545
0.013290
0.009968
0.009968
0.000000
0.031897
0.008417
0.009192
0.013567
0.002713
0.021874
0.025196
0.007199
0.006645
0.922406
0.012460
0.012404
0.016779
0.015561
0.000941
0.001108
0.076586
0.342060
0.033281
0.039594
0.077472
0.036382
0.048787
0.025639
0.010688
0.005039
0.004984
0.114161
0.030126
0.032900
0.048558
0.009712
0.078287
0.090179
0.025765
0.023783
0.060251
0.042017
0.016648
0.039045
0.056089
0.001189
0.007730
0.005351
0.005549
0.119116
0.141710
0.277276
0.130214
0.174610
0.091765
0.038252
0.018036
0.017838
0.194628
0.071549
0.117134
0.136755
0.250717
0.729360
0.338914
0.033891
0.034486
0.064838
0.045216
0.017916
0.042017
0.060359
0.001280
0.008318
0.005759
0.005972
0.162095
0.146739
0.023674
0.017063
0.007465
0.000640
0.004692
0.003199
0.000000
0.209444
0.076995
0.126050
0.147165
0.269803
0.784881
0.364714
0.036471
0.037111
0.041377
0.058653
0.067184
0.129463
0.027513
0.004692
0.004906
0.003199
0.000000
0.374056
0.338619
0.054632
0.039374
0.017226
0.001477
0.010828
0.007383
0.000000
0.494640
0.184075
0.163403
0.246581
0.117631
0.068905
0.127966
0.020672
0.038390
0.095483
0.135349
0.155036
0.298752
0.063491
0.010828
0.011320
0.007383
0.000000
0.388821
0.177184
0.051679
0.079241
0.008859
0.001477
0.026578
0.011320
0.000000
0.435460
0.162052
0.143854
0.217080
0.103557
0.060661
0.112656
0.018198
0.033797
0.181983
0.032930
0.052862
0.291174
0.173318
0.337536
0.230079
0.302006
0.079293
0.342302
0.155986
0.045496
0.069760
0.007799
0.001300
0.023398
0.009966
0.000000
0.270809
0.147320
0.107890
0.058061
0.012999
0.050695
0.081026
0.046362
0.029897
0.040816
0.007386
0.011856
0.065305
0.038872
0.075704
0.051603
0.067735
0.017784
0.723219
0.626038
0.120698
0.003596
0.000292
0.025656
0.055782
0.050825
0.001846
0.060738
0.033041
0.024198
0.013022
0.002915
0.011370
0.018173
0.010398
0.006705
0.116325
0.105149
0.031001
0.008746
0.011176
0.007289
0.029640
0.082215
0.059669
0.213478
0.184793
0.035627
0.001061
0.000086
0.007573
0.016466
0.015003
0.000545
0.947485
0.007917
0.025960
0.037779
0.004303
0.005163
0.018760
0.021629
0.012392
0.034337
0.031038
0.009151
0.002582
0.003299
0.002151
0.008749
0.024268
0.017613
0.062965
0.081381
0.035914
0.018416
0.010585
0.014917
0.033447
0.022834
0.011388
0.540332
0.004515
0.014805
0.021545
0.002454
0.002945
0.010699
0.012335
0.007067
0.220419
0.031245
0.007901
0.005955
0.011369
0.022264
0.001554
0.058156
0.188617
0.035908
0.046410
0.020481
0.010502
0.006036
0.008507
0.019074
0.013022
0.006494
0.652880
0.420585
0.099592
0.006462
0.000000
0.000000
0.000000
0.000000
0.000000
0.176575
0.025030
0.006330
0.004770
0.009108
0.017836
0.001245
0.046588
0.151099
0.468421
0.414495
0.056548
0.018137
0.007195
0.010104
0.004115
0.030888
0.066088
0.523016
0.336927
0.079783
0.005176
0.000000
0.000000
0.000000
0.000000
0.000000
0.199050
0.013891
0.005989
0.004180
0.007522
0.020195
0.061541
0.186967
0.264483
0.459639
0.406724
0.055487
0.017797
0.007060
0.009914
0.004038
0.030309
0.064849
0.235040
0.120735
0.123384
0.015495
0.068527
0.048338
0.139754
0.330006
0.319050
0.195318
0.013631
0.005877
0.004102
0.007381
0.019816
0.060387
0.183462
0.259524
0.029293
0.047116
0.128039
0.055063
0.016241
0.054317
0.203253
0.267021
0.101279
0.162129
0.083282
0.085109
0.010689
0.047269
0.033343
0.096401
0.227635
0.220078
0.147750
0.001996
0.001987
0.002688
0.002493
0.000151
0.000177
0.012267
0.054791
0.020206
0.032500
0.088320
0.037982
0.011203
0.037468
0.140202
0.184189
0.069861
0.045362
0.027515
0.041415
0.013758
0.010662
0.007185
0.000000
0.393534
0.768812
0.167639
0.002264
0.002254
0.003049
0.002828
0.000171
0.000201
0.013919
0.062166
0.006049
0.007196
0.014080
0.006612
0.008867
0.004660
0.001942
0.000916
0.000906
0.051468
0.031219
0.046990
0.015610
0.012097
0.008152
0.000000
0.446507
0.872302
0.009551
0.005656
0.000302
0.000262
0.000946
0.003603
0.003734
0.016757
0.019384
0.100272
0.119292
0.233412
0.109615
0.146988
0.077248
0.032201
0.015183
0.015016
0.163839
0.060230
0.098604
0.115121
0.211055
0.613979
0.285300
0.028530
0.029031
0.158333
0.093765
0.005005
0.004338
0.015683
0.059729
0.061898
0.277792
0.321338
0.233078
0.145153
0.076247
0.019354
0.012013
0.013181
0.031533
0.098103
0.087425
0.176020
0.064708
0.105935
0.123680
0.226747
0.659628
0.306512
0.030651
0.031189
0.034774
0.049293
0.056463
0.108803
0.023123
0.003943
0.004123
0.002689
0.000000
0.250408
0.155945
0.081916
0.020793
0.012906
0.014161
0.033878
0.105397
0.093925
0.123680
0.090878
0.231408
0.331607
0.098227
0.025812
0.136228
0.058972
0.040689
0.063834
0.090486
0.103648
0.199727
0.042446
0.007239
0.007568
0.004936
0.000000
0.259942
0.118454
0.034549
0.052975
0.005923
0.000987
0.017768
0.007568
0.000000
0.227038
0.166823
0.424791
0.608725
0.180314
0.047382
0.250071
0.108254
0.074692
0.196108
0.014478
0.105622
0.114835
0.009871
0.040472
0.185579
0.069427
0.013820
0.451193
0.205607
0.059969
0.091952
0.010280
0.001713
0.030841
0.013136
0.000000
0.356957
0.194185
0.142212
0.076532
0.017134
0.066822
0.106801
0.061111
0.039408
0.340394
0.025130
0.183333
0.199325
0.017134
0.070249
0.322118
0.120509
0.023988
0.103946
0.036552
0.028557
0.023988
0.000000
0.001713
0.270716
0.348961
0.075389
0.201367
0.109543
0.080224
0.043173
0.009666
0.037696
0.060249
0.034474
0.022231
0.385657
0.348606
0.102778
0.028997
0.037051
0.024164
0.098267
0.272570
0.197823
0.058638
0.020620
0.016109
0.013532
0.000000
0.000967
0.152716
0.196856
0.042529
0.353439
0.216187
0.317998
0.377603
0.177525
0.037051
0.080547
0.050583
0.011599
0.225279
0.203635
0.060037
0.016938
0.021643
0.014115
0.057402
0.159219
0.115556
0.413105
0.533931
0.235630
0.120826
0.069447
0.097865
0.219444
0.149809
0.074716
0.206458
0.126284
0.185756
0.220574
0.103700
0.021643
0.047051
0.029548
0.006775
0.150750
0.095042
0.163360
0.147551
0.016374
0.032935
0.047992
0.068318
0.012610
0.045611
0.058952
0.026016
0.013340
0.007668
0.010805
0.024229
0.016541
0.008249
0.829313
0.534243
0.126506
0.008208
0.000000
0.000000
0.000000
0.000000
0.000000
0.016644
0.010494
0.018037
0.016291
0.001808
0.003636
0.005299
0.007543
0.001392
0.033351
0.005236
0.012634
0.020302
0.015190
0.013839
0.004343
0.001579
0.001642
0.625474
0.402930
0.095412
0.006190
0.000000
0.000000
0.000000
0.000000
0.000000
0.238044
0.016612
0.007162
0.004999
0.008996
0.024151
0.073596
0.223594
0.316295
0.025154
0.003949
0.009529
0.015312
0.011456
0.010438
0.003275
0.001191
0.001238
0.402585
0.162128
0.036814
0.017647
0.001316
0.000000
0.000000
0.064694
0.169447
0.200835
0.014016
0.006043
0.004218
0.007590
0.020376
0.062092
0.188644
0.266854
0.030121
0.048447
0.131655
0.056618
0.016700
0.055851
0.208993
0.274563
0.104140
0.339657
0.136786
0.031059
0.014888
0.001111
0.000000
0.000000
0.054582
0.142961
0.250525
0.229686
0.551770
0.217892
0.048077
0.086726
0.168057
0.133136
0.096233
0.013974
0.022476
0.061080
0.026267
0.007748
0.025912
0.096960
0.127380
0.048314
0.031371
0.019029
0.028641
0.009514
0.007374
0.004969
0.000000
0.272158
0.531691
0.116228
0.106560
0.255987
0.101088
0.022305
0.040235
0.077968
0.061767
0.044646
0.023538
0.000000
0.000000
0.000000
0.000000
0.066840
0.628166
0.303001
0.032322
0.033213
0.020146
0.030323
0.010073
0.007806
0.005261
0.000000
0.288135
0.562904
0.006163
0.003650
0.000195
0.000169
0.000610
0.002325
0.002409
0.010813
0.012508
0.024919
0.000000
0.000000
0.000000
0.000000
0.070764
0.665043
0.320789
0.034220
0.010716
0.001520
0.000052
0.000734
0.000708
0.001754
0.043533
0.204213
0.038142
0.028818
0.017066
0.000911
0.000790
0.002854
0.010871
0.011266
0.050560
0.058485
0.042422
0.026419
0.013877
0.003522
0.002186
0.002399
0.005739
0.017855
0.015912
0.050104
0.007106
0.000243
0.003431
0.003310
0.008199
0.203545
0.954836
0.178341
0.031095
0.011752
0.011357
0.011873
0.006347
0.002551
0.004737
0.013331
0.010355
0.354449
0.220738
0.115951
0.029432
0.018268
0.020044
0.047953
0.149188
0.132950
0.175068
0.128637
0.327555
0.469385
0.139040
0.036536
0.192829
0.083474
0.057595
0.259811
0.098190
0.094892
0.099205
0.053028
0.021313
0.039581
0.111384
0.086519
0.150203
0.234185
0.101742
0.070788
0.074087
0.087534
0.286706
0.121786
0.041864
0.107470
0.078967
0.201078
0.288144
0.085353
0.022428
0.118373
0.051243
0.035356
0.092829
0.006853
0.049997
0.054358
0.004673
0.019158
0.087845
0.032864
0.006542
0.092206
0.143760
0.062457
0.043455
0.045480
0.053735
0.176001
0.074762
0.025699
0.287521
0.400130
0.552457
0.263690
0.261198
0.101863
0.083328
0.134727
0.106691
0.103941
0.007673
0.055981
0.060864
0.005232
0.021451
0.098360
0.036798
0.007325
0.031740
0.011161
0.008720
0.007325
0.000000
0.000523
0.082664
0.106556
0.023020
0.321937
0.448025
0.618586
0.295254
0.292463
0.114056
0.093302
0.150853
0.119462
0.121380
0.111788
0.036623
0.013080
0.020928
0.023718
0.044471
0.019358
0.013603
0.064890
0.022819
0.017827
0.014975
0.000000
0.001070
0.169000
0.217846
0.047063
0.391124
0.239238
0.351905
0.417865
0.196453
0.041002
0.089135
0.055977
0.012835
0.248152
0.228542
0.074873
0.026740
0.042785
0.048489
0.090918
0.039576
0.027810
0.057046
0.009627
0.009983
0.021749
0.050985
0.371871
0.276318
0.015331
0.000000
0.303761
0.185801
0.273302
0.324528
0.152573
0.031844
0.069225
0.043474
0.009968
0.221798
0.139835
0.240350
0.217091
0.024090
0.048458
0.070610
0.100515
0.018552
0.044304
0.007476
0.007753
0.016891
0.039597
0.288808
0.214599
0.011907
0.000000
0.348896
0.044304
0.088055
0.262226
0.193554
0.286870
0.125990
0.026306
0.006923
0.182407
0.115001
0.197665
0.178536
0.019812
0.039852
0.058070
0.082664
0.015258
0.365497
0.057386
0.138456
0.222486
0.166466
0.151664
0.047594
0.017307
0.017990
0.286932
0.036436
0.072416
0.215655
0.159179
0.235922
0.103614
0.021634
0.005693
0.094050
0.110902
0.199486
0.434725
0.094506
0.078565
0.281695
0.154397
0.122971
0.052375
0.008223
0.019841
0.031882
0.023854
0.021733
0.006820
0.002480
0.002578
0.838268
0.337585
0.076654
0.036744
0.002741
0.000000
0.000000
0.134708
0.352824
0.013477
0.015892
0.028586
0.062296
0.013543
0.011258
0.040367
0.022125
0.017622
0.050711
0.093982
0.087162
0.035537
0.003198
0.000098
0.001534
0.002937
0.000000
0.397300
0.159999
0.036330
0.017415
0.001299
0.000000
0.000000
0.063845
0.167222
0.293041
0.268666
0.645411
0.254870
0.056236
0.101444
0.196577
0.155731
0.112564
0.024035
0.044543
0.041311
0.016843
0.001516
0.000046
0.000727
0.001392
0.000000
0.090849
0.106378
0.082266
0.036825
0.111327
0.039640
0.082606
0.035356
0.003434
0.143267
0.131350
0.315540
0.124605
0.027493
0.049596
0.096106
0.076136
0.055032
0.029013
0.000000
0.000000
0.000000
0.000000
0.082390
0.774301
0.373491
0.039841
0.044416
0.052008
0.040219
0.018004
0.054427
0.019380
0.040386
0.017285
0.001679
0.054926
0.041218
0.075713
0.053407
0.038647
0.021921
0.196250
0.102526
0.037528
0.030490
0.000000
0.000000
0.000000
0.000000
0.086583
0.813715
0.392502
0.041869
0.013111
0.001859
0.000064
0.000898
0.000866
0.002146
0.053264
0.249865
0.046669
0.057722
0.043316
0.079567
0.056125
0.040614
0.023036
0.206240
0.107745
0.039438
0.057579
0.012253
0.006754
0.000270
0.004537
0.068831
0.126315
0.082944
0.048258
0.041146
0.005835
0.000199
0.002818
0.002718
0.006733
0.167152
0.784116
0.146454
0.025535
0.009651
0.009326
0.009750
0.005212
0.002095
0.003890
0.010947
0.008503
0.180693
0.038453
0.021196
0.000848
0.014239
0.216003
0.396397
0.260291
0.151442
0.023042
0.013441
0.009326
0.007805
0.003790
0.025037
0.024438
0.023117
0.030523
0.273183
0.103244
0.099776
0.104311
0.055757
0.022410
0.041618
0.117116
0.090972
0.157934
0.246238
0.106979
0.074432
0.077900
0.092039
0.301462
0.128054
0.044019
0.246505
0.143794
0.099776
0.083502
0.040551
0.267847
0.261444
0.247305
0.326539
0.220894
0.243837
0.295059
0.156600
0.057891
0.038150
0.007203
0.045353
0.074698
0.096298
0.150140
0.065229
0.045384
0.047498
0.056120
0.183812
0.078079
0.026840
0.300280
0.417887
0.576974
0.275393
0.272790
0.106383
0.087026
0.140706
0.111426
0.134687
0.148676
0.179908
0.095485
0.035298
0.023261
0.004392
0.027653
0.045546
0.071735
0.063602
0.126554
0.063765
0.016267
0.011224
0.015616
0.018869
0.012851
0.294263
0.409513
0.565412
0.269874
0.267323
0.104251
0.085282
0.137886
0.109193
0.110946
0.102179
0.033475
0.011955
0.019129
0.021679
0.040648
0.017694
0.012434
0.070298
0.062328
0.124018
0.062487
0.015941
0.010999
0.015303
0.018491
0.012593
0.114772
0.028852
0.201489
0.264932
0.211691
0.011158
0.070298
0.031722
0.027896
0.202556
0.186549
0.061116
0.021827
0.034923
0.039580
0.074212
0.032304
0.022700
0.046565
0.007858
0.008149
0.017753
0.041617
0.303543
0.225547
0.012514
0.000000
0.209541
0.052676
0.367860
0.483690
0.386486
0.020372
0.128344
0.057915
0.050930
0.151335
0.006985
0.034923
0.073921
0.226420
0.278806
0.104770
0.065190
0.023864
0.050710
0.008557
0.008874
0.019333
0.045322
0.330566
0.245627
0.013628
0.000000
0.399341
0.050710
0.100786
0.300140
0.221539
0.328347
0.144207
0.030109
0.007923
0.164808
0.007607
0.038033
0.080502
0.246577
0.303626
0.114098
0.070994
0.025989
0.319473
0.045005
0.014579
0.031377
0.006656
0.093497
0.227878
0.095715
0.045639
0.298212
0.037868
0.075263
0.224132
0.165437
0.245197
0.107688
0.022484
0.005917
0.097747
0.115261
0.207328
0.451815
0.098221
0.081653
0.292769
0.160467
0.127805
0.238570
0.033608
0.010887
0.023431
0.004970
0.069820
0.170170
0.071476
0.034081
0.344127
0.039762
0.192181
0.214902
0.101297
0.142242
0.058459
0.043312
0.047809
0.067673
0.079799
0.143540
0.312805
0.068001
0.056531
0.202692
0.111096
0.088483
0.254635
0.471911
0.437665
0.178441
0.016058
0.000492
0.007701
0.014747
0.000000
0.238249
0.027528
0.133053
0.148783
0.070131
0.098479
0.040473
0.029986
0.033099
0.096185
0.101756
0.213343
0.243821
0.125351
0.068984
0.144850
0.077013
0.049977
0.100360
0.185996
0.172498
0.070330
0.006329
0.000194
0.003035
0.005812
0.000000
0.379354
0.444195
0.343511
0.153770
0.464861
0.165524
0.344932
0.147634
0.014337
0.037910
0.040105
0.084086
0.096098
0.049405
0.027189
0.057090
0.030354
0.019697
0.098229
0.035778
0.043076
0.027706
0.052763
0.095065
0.012981
0.020150
0.012787
0.151258
0.177112
0.136967
0.061312
0.185352
0.065999
0.137533
0.058866
0.005717
0.187052
0.140366
0.257840
0.181876
0.131611
0.074651
0.668329
0.349151
0.127800
0.039167
0.014266
0.017176
0.011047
0.021038
0.037905
0.005176
0.008034
0.005099
0.029510
0.159679
0.208991
0.106169
0.114152
0.035433
0.015090
0.008420
0.002678
0.146529
0.109957
0.201981
0.142474
0.103099
0.058478
0.523542
0.273511
0.100113
0.146166
0.031105
0.017146
0.000686
0.011518
0.174729
0.320653
0.210554
0.122504
0.023117
0.125086
0.163715
0.083169
0.089422
0.027757
0.011821
0.006596
0.002098
0.010631
0.000726
0.003187
0.020575
0.065095
0.156171
0.474726
0.059366
0.001210
0.210244
0.044741
0.024663
0.000987
0.016568
0.251330
0.461226
0.302861
0.176209
0.026810
0.015639
0.010852
0.009082
0.004410
0.029131
0.028435
0.026897
0.035515
0.015291
0.001045
0.004584
0.029596
0.093632
0.224636
0.682844
0.085392
0.001741
0.022835
0.017699
0.031743
0.045061
0.061918
0.074859
0.046395
0.004671
0.000000
0.141271
0.082408
0.057181
0.047855
0.023239
0.153502
0.149833
0.141729
0.187138
0.126593
0.139742
0.169097
0.089747
0.033177
0.021863
0.004128
0.025991
0.042809
0.120325
0.093263
0.167262
0.237439
0.326268
0.394457
0.244472
0.024615
0.000000
0.103965
0.000000
0.000000
0.002293
0.015595
0.417085
0.375040
0.182398
0.028896
0.175301
0.193508
0.234158
0.124277
0.045942
0.030275
0.005716
0.035992
0.059280
0.093367
0.082781
0.164715
0.082993
0.021172
0.014608
0.020325
0.024559
0.016726
0.143967
0.000000
0.000000
0.003176
0.021595
0.577560
0.519339
0.252577
0.040014
0.093578
0.031969
0.107552
0.049330
0.044037
0.057798
0.107763
0.233946
0.129782
0.123150
0.109188
0.217258
0.109467
0.027925
0.019268
0.026808
0.032393
0.022061
0.201062
0.050545
0.352975
0.464117
0.370847
0.019548
0.123150
0.055571
0.048869
0.123430
0.042167
0.141860
0.065066
0.058084
0.076236
0.142139
0.308574
0.171182
0.198548
0.255795
0.138230
0.146607
0.041329
0.037420
0.074281
0.135717
0.031835
0.191487
0.048138
0.336167
0.442017
0.353188
0.018617
0.117286
0.052925
0.046542
0.138296
0.006383
0.031915
0.067553
0.206913
0.254785
0.095744
0.059574
0.021808
0.189094
0.243615
0.131648
0.139626
0.039361
0.035638
0.070744
0.129254
0.030319
0.171275
0.006915
0.106116
0.221540
0.188828
0.129786
0.232444
0.087765
0.042553
0.185850
0.008578
0.042888
0.090780
0.278060
0.342392
0.128665
0.080058
0.029307
0.360262
0.050751
0.016441
0.035383
0.007505
0.105434
0.256973
0.107936
0.051466
0.230168
0.009292
0.142604
0.297717
0.253756
0.174413
0.312370
0.117943
0.057184
0.142961
0.033596
0.007505
0.089708
0.299504
0.125806
0.058614
0.030022
0.020015
0.290224
0.040885
0.013244
0.028504
0.006046
0.084937
0.207015
0.086952
0.041461
0.418637
0.048371
0.233792
0.261432
0.123230
0.173040
0.071116
0.052690
0.058160
0.115168
0.027065
0.006046
0.072268
0.241278
0.101348
0.047219
0.024185
0.016124
0.097893
0.010941
0.000000
0.000000
0.000000
0.321608
0.518257
0.150295
0.040597
0.322624
0.037277
0.180172
0.201473
0.094968
0.133354
0.054806
0.040605
0.044821
0.130248
0.137792
0.288897
0.330168
0.169744
0.093414
0.196148
0.104287
0.067676
0.075442
0.008432
0.000000
0.000000
0.000000
0.247848
0.399397
0.115825
0.031286
0.187938
0.083430
0.043046
0.291781
0.183279
0.084317
0.161090
0.175291
0.019082
0.104584
0.110642
0.231973
0.265112
0.136298
0.075008
0.157499
0.083738
0.054341
0.270992
0.098704
0.118837
0.076434
0.145562
0.262261
0.035812
0.055588
0.035277
0.150907
0.066991
0.034564
0.234289
0.147166
0.067703
0.129349
0.140752
0.015322
0.188857
0.000000
0.047749
0.215938
0.437934
0.399272
0.076255
0.083204
0.011759
0.116811
0.042547
0.051225
0.032947
0.062745
0.113048
0.015437
0.023961
0.015206
0.088012
0.476231
0.623301
0.316643
0.340450
0.105676
0.045004
0.025113
0.007987
0.081407
0.000000
0.020582
0.093081
0.188772
0.172107
0.032870
0.035865
0.005069
0.031872
0.037862
0.128715
0.084172
0.011213
0.004147
0.012749
0.011059
0.008909
0.040817
0.220862
0.289069
0.146849
0.157891
0.049009
0.020872
0.011647
0.003704
0.018770
0.001282
0.005628
0.036329
0.114936
0.275748
0.838213
0.104821
0.002137
0.014781
0.017559
0.059694
0.039036
0.005200
0.001923
0.005912
0.005129
0.004132
0.066355
0.014995
0.018485
0.028387
0.014959
0.005093
0.008085
0.008976
0.008477
0.020439
0.001396
0.006128
0.039559
0.125153
0.300258
0.912720
0.114138
0.002327
0.030522
0.023658
0.042429
0.060230
0.082763
0.100060
0.062014
0.006244
0.000000
0.072253
0.016328
0.020128
0.030910
0.016289
0.005546
0.008804
0.009773
0.009230
0.027614
0.002948
0.017491
0.076946
0.062092
0.010084
0.005546
0.004072
0.000000
0.103263
0.080039
0.143545
0.203771
0.280005
0.338526
0.209807
0.021125
0.000000
0.089224
0.000000
0.000000
0.001968
0.013384
0.357945
0.321862
0.156535
0.024799
0.093423
0.009972
0.059176
0.260324
0.210070
0.034115
0.018763
0.013777
0.000000
0.046843
0.001706
0.018370
0.247727
0.474854
0.052485
0.005248
0.015745
0.000000
0.111865
0.000000
0.000000
0.002468
0.016780
0.448777
0.403537
0.196258
0.031092
0.072712
0.024841
0.083570
0.038330
0.034218
0.044911
0.083734
0.181781
0.100843
0.058729
0.002139
0.023031
0.310591
0.595353
0.065803
0.006580
0.019741
0.000000
0.077977
0.028789
0.025828
0.042114
0.043759
0.030927
0.076496
0.139338
0.136212
0.117527
0.040151
0.135076
0.061954
0.055307
0.072590
0.135342
0.293817
0.162995
0.189053
0.243563
0.131620
0.139596
0.039353
0.035630
0.070729
0.129226
0.030312
0.126036
0.046532
0.041746
0.068070
0.070729
0.049989
0.123643
0.225216
0.220164
0.167250
0.043341
0.111411
0.172036
0.200487
0.519299
0.331575
0.160602
0.042012
0.164668
0.212147
0.114643
0.121591
0.034277
0.031035
0.061606
0.112558
0.026403
0.149151
0.006022
0.092409
0.192924
0.164437
0.113021
0.202419
0.076428
0.037056
0.145677
0.037751
0.097041
0.149846
0.174627
0.452317
0.288807
0.139887
0.036593
0.115337
0.172543
0.359445
0.361993
0.159805
0.023623
0.017370
0.031266
0.000000
0.184210
0.007437
0.114130
0.238272
0.203089
0.139588
0.249999
0.094393
0.045766
0.114416
0.026888
0.006007
0.071796
0.239702
0.100686
0.046911
0.024027
0.016018
0.142448
0.213100
0.443935
0.447081
0.197368
0.029176
0.021453
0.038615
0.000000
0.137013
0.060927
0.039188
0.117563
0.109840
0.050915
0.123856
0.252574
0.190503
0.138325
0.032506
0.007262
0.086799
0.289791
0.121726
0.056713
0.029048
0.019366
0.117576
0.013141
0.000000
0.000000
0.000000
0.386273
0.622463
0.180514
0.048760
0.165644
0.073658
0.047376
0.142129
0.132792
0.061555
0.149737
0.305353
0.230311
0.117576
0.018674
0.026282
0.019366
0.032506
0.031123
0.085416
0.115156
0.010374
0.105502
0.011791
0.000000
0.000000
0.000000
0.346605
0.558540
0.161977
0.043752
0.262824
0.116673
0.060198
0.408045
0.256308
0.117914
0.225278
0.245137
0.026686
0.105502
0.016756
0.023583
0.017377
0.029168
0.027927
0.076644
0.103330
0.009309
0.024203
0.039408
0.045614
0.098986
0.107984
0.099917
0.074782
0.103951
0.043752
0.128154
0.056890
0.029353
0.198964
0.124977
0.057495
0.109846
0.119530
0.013012
0.160382
0.000000
0.040549
0.183380
0.371904
0.339071
0.064758
0.070659
0.009986
0.011802
0.019216
0.022242
0.048266
0.052654
0.048720
0.036464
0.050687
0.021334
0.681471
0.071415
0.080493
0.175663
0.080947
0.174907
0.084730
0.073382
0.038734
0.148116
0.000000
0.037448
0.169355
0.343461
0.313139
0.059805
0.065255
0.009222
0.057989
0.068888
0.234191
0.153146
0.020401
0.007546
0.023196
0.020121
0.016209
0.629353
0.065953
0.074337
0.162229
0.074757
0.161530
0.078250
0.067770
0.035771
0.226505
0.069167
0.088311
0.129951
0.098790
0.175224
0.129811
0.130929
0.069028
0.048267
0.057339
0.194930
0.127472
0.016981
0.006281
0.019307
0.016748
0.013492
0.216680
0.048965
0.060363
0.092697
0.048849
0.016632
0.026402
0.029309
0.027681
0.188533
0.057572
0.073506
0.108165
0.082229
0.145849
0.108049
0.108979
0.057456
0.031170
0.325892
0.739479
0.316936
0.069900
0.033380
0.032450
0.004885
0.004885
0.213768
0.048307
0.059552
0.091451
0.048192
0.016408
0.026047
0.028915
0.027309
0.081698
0.008721
0.051749
0.227652
0.183705
0.029833
0.016408
0.012048
0.000000
0.030751
0.321512
0.729541
0.312677
0.068961
0.032931
0.032014
0.004819
0.004819
0.087091
0.029260
0.076993
0.080550
0.057716
0.072403
0.167067
0.185541
0.076878
